-00000021.639985
-00000000.203313
-00000034.152522
-00000037.547994
000000014.561511
000000026.088375
-00000009.234406
000000045.818163
000000040.867128
000000040.908929
-00000034.369022
000000046.562440
000000043.045529
-00000046.122554
000000008.910904
-00000048.539380
000000013.805680
-00000011.560150
000000020.517115
000000000.308922
000000045.255284
000000036.785102
-00000044.789536
-00000049.284928
-00000021.363313
000000002.060309
000000037.344280
-00000046.179344
-00000006.359055
000000006.850509
-00000001.723121
000000034.766783
000000032.865576
000000026.936909
-00000031.399637
-00000000.394546
-00000016.441836
000000037.252999
-00000015.989822
-00000041.070612
000000033.852106
-00000003.118554
000000009.634843
-00000045.440308
-00000002.759177
000000017.598631
-00000033.272620
-00000049.927306
-00000047.146673
000000048.163280
-00000033.128736
000000038.705814
-00000016.199429
000000008.108512
-00000048.331271
-00000012.738538
000000047.884139
000000040.642978
-00000025.034955
-00000034.905981
-00000021.465004
000000046.369171
-00000004.961573
-00000039.753063
-00000033.969148
-00000043.579301
000000006.183596
000000006.496189
-00000005.310408
000000005.402913
-00000006.617753
-00000004.293284
000000028.528894
000000047.852960
000000046.242750
000000028.836517
000000021.306923
000000005.038743
-00000004.626089
000000029.507515
000000035.216598
000000036.576573
000000007.415564
-00000041.255303
-00000048.090293
-00000040.087894
-00000014.023326
-00000005.230726
000000048.902811
000000023.088720
000000011.936531
-00000016.816056
-00000049.497203
000000006.894354
000000025.466068
-00000009.862061
-00000015.263207
-00000047.532759
000000006.556341
-00000037.202471
