-00000021.639985
-00000000.203313
-00000034.152522
-00000037.547994
000000014.561511
000000026.088375
-00000009.234406
000000045.818163
000000040.867128
000000040.908929
-00000034.369022
000000046.562440
000000043.045529
-00000046.122554
000000008.910904
-00000048.539380
000000013.805680
-00000011.560150
000000020.517115
000000000.308922
000000045.255284
000000036.785102
-00000044.789536
-00000049.284928
-00000021.363313
000000002.060309
000000037.344280
-00000046.179344
-00000006.359055
000000006.850509
-00000001.723121
000000034.766783
000000032.865576
000000026.936909
-00000031.399637
-00000000.394546
-00000016.441836
000000037.252999
-00000015.989822
-00000041.070612
000000033.852106
-00000003.118554
000000009.634843
-00000045.440308
-00000002.759177
000000017.598631
-00000033.272620
-00000049.927306
-00000047.146673
000000048.163280
-00000033.128736
000000038.705814
-00000016.199429
000000008.108512
-00000048.331271
-00000012.738538
000000047.884139
000000040.642978
-00000025.034955
-00000034.905981
-00000021.465004
000000046.369171
-00000004.961573
-00000039.753063
-00000033.969148
-00000043.579301
000000006.183596
000000006.496189
-00000005.310408
000000005.402913
-00000006.617753
-00000004.293284
000000028.528894
000000047.852960
000000046.242750
000000028.836517
000000021.306923
000000005.038743
-00000004.626089
000000029.507515
000000035.216598
000000036.576573
000000007.415564
-00000041.255303
-00000048.090293
-00000040.087894
-00000014.023326
-00000005.230726
000000048.902811
000000023.088720
000000011.936531
-00000016.816056
-00000049.497203
000000006.894354
000000025.466068
-00000009.862061
-00000015.263207
-00000047.532759
000000006.556341
-00000037.202471
000000033.742317
-00000007.649508
-00000026.055690
-00000009.571814
000000034.844721
-00000004.024563
-00000037.440702
-00000022.566098
000000011.108522
000000015.346418
-00000004.253616
-00000037.323762
000000004.297839
-00000049.419226
-00000025.362430
000000012.251896
-00000021.467809
000000016.774539
000000017.532366
-00000045.353141
000000020.903108
000000028.827079
-00000003.276532
000000035.873919
000000005.162671
-00000023.660720
000000008.880070
000000029.967476
000000008.357978
000000010.034954
000000043.212972
000000018.246407
-00000012.171033
000000029.441674
-00000035.163360
000000034.316330
-00000020.013300
-00000049.534692
000000039.970782
-00000014.816718
-00000026.766450
000000044.224880
-00000003.842773
-00000009.529571
000000018.576344
000000004.866027
000000031.089162
000000009.009502
-00000035.968175
000000005.390118
-00000025.146554
000000036.522999
-00000043.243480
-00000005.267994
000000034.579914
-00000009.711766
000000031.688513
000000035.865176
000000040.193817
000000041.209036
-00000038.082467
-00000030.356116
-00000006.989173
-00000005.693424
-00000043.634547
-00000049.994699
000000043.442923
-00000046.968546
-00000040.162489
000000047.211008
-00000016.445015
-00000032.188837
000000002.083621
-00000027.271058
-00000001.604413
-00000034.240749
000000001.989822
-00000015.570722
000000036.003359
-00000023.573607
000000014.015449
-00000022.161539
000000009.156840
000000011.873003
-00000007.072129
000000028.674712
-00000043.001892
-00000028.745584
-00000005.998196
-00000004.251408
-00000033.361954
000000027.661915
000000046.195152
000000020.088710
-00000025.923907
000000014.347448
-00000029.748738
000000015.943084
000000040.884033
-00000031.069449
000000029.884217
-00000031.228853
-00000005.930906
-00000032.940646
000000027.667618
-00000037.297377
000000047.615638
-00000005.347712
-00000003.731003
000000009.982600
000000016.989267
-00000027.275124
000000006.364807
-00000046.005229
000000034.266594
-00000022.589567
-00000036.139302
000000048.467154
-00000041.264558
000000045.681274
000000007.666752
-00000037.110670
000000013.313224
000000044.096846
000000034.788264
000000039.042385
000000013.787818
000000012.338547
-00000030.747115
-00000011.539806
-00000031.160069
-00000001.908162
-00000014.419799
000000014.763301
000000032.515735
000000036.820833
-00000015.901609
000000008.857398
-00000023.946991
000000025.027986
-00000034.774678
-00000033.747855
-00000003.194844
000000003.642964
000000041.471522
000000033.080740
000000002.849837
000000038.244449
-00000029.184252
-00000003.803862
-00000047.580430
000000022.952580
-00000037.511438
-00000010.040994
000000007.570032
-00000022.832748
000000048.126309
000000021.550402
-00000003.159963
-00000029.940404
-00000012.409640
-00000007.063521
000000007.699686
000000032.104914
-00000017.839767
-00000027.356561
000000027.287145
-00000029.708760
000000048.792594
-00000002.508930
-00000029.430659
000000032.327715
000000000.991826
000000043.167714
000000025.209648
-00000007.347734
000000025.675217
000000024.356080
-00000031.019129
000000000.802786
000000015.162608
-00000022.051951
-00000009.268368
000000021.336367
000000040.814821
-00000043.809765
-00000047.782010
000000048.586126
-00000045.561851
000000046.415675
000000043.382041
000000032.826220
-00000002.273050
000000027.938302
000000006.039632
-00000045.373451
000000043.908654
000000038.875956
-00000026.112544
000000018.135986
000000002.373632
000000021.847266
000000014.024968
-00000047.384530
-00000017.782914
000000039.942963
-00000034.108958
-00000045.308492
000000037.904742
000000046.950675
-00000012.966623
000000025.520353
000000046.124452
-00000021.075787
000000006.167607
-00000049.590141
-00000018.459978
000000029.806437
-00000002.437802
-00000009.431458
000000047.672598
000000030.474056
-00000032.763249
-00000046.268716
-00000037.638065
-00000031.628990
000000041.429635
000000042.702095
000000012.880691
000000040.494350
-00000022.766887
000000047.672994
-00000040.722256
000000004.115561
-00000049.520278
000000012.903181
000000034.212317
-00000017.953773
-00000011.525238
000000023.415681
000000029.522540
000000048.837356
-00000003.099242
-00000010.706546
-00000027.024079
000000003.946874
000000018.377792
-00000040.499978
000000039.813201
-00000037.907723
-00000037.731798
000000043.539775
-00000047.627922
000000020.760471
-00000035.802766
000000016.401848
000000044.626541
000000012.772023
-00000007.432502
000000002.852521
-00000012.923103
000000007.052513
-00000013.468585
-00000006.928934
000000019.063204
-00000025.927777
000000024.221863
000000008.741661
000000041.051596
000000001.061965
000000015.608926
-00000018.039189
000000007.372130
-00000005.054690
000000045.544595
000000007.699638
-00000008.305880
-00000006.644198
-00000040.915597
000000002.139739
-00000007.551295
-00000036.895281
-00000046.945009
000000026.109063
000000005.499406
-00000025.434313
-00000019.598666
-00000013.728248
000000026.482983
000000024.744550
-00000027.258520
-00000008.072925
-00000001.929287
000000042.966651
-00000027.262823
000000046.563869
-00000011.577346
-00000045.638416
000000042.625136
-00000020.922832
-00000040.374796
000000027.442842
-00000024.871957
000000047.224353
-00000049.971284
-00000025.585895
-00000005.128760
-00000033.016828
-00000023.937252
-00000035.704478
-00000035.422699
-00000033.460386
000000039.040083
000000009.024715
000000033.216112
000000027.308985
-00000034.782304
-00000022.616309
000000010.784430
000000040.369820
-00000014.673361
000000018.531931
-00000025.379049
-00000027.278433
-00000021.910843
-00000049.752175
-00000001.412478
000000040.679550
000000023.898556
000000002.418043
000000012.833952
000000028.373601
-00000014.353902
000000046.152426
000000007.294834
-00000042.338788
000000007.252927
-00000023.011658
-00000034.063478
000000015.806140
-00000016.770654
000000027.393176
-00000014.212150
000000022.075397
000000048.777103
000000031.149512
-00000010.031085
-00000028.899535
-00000003.376605
000000048.749711
-00000022.389678
000000025.623700
-00000021.208649
000000038.732599
-00000023.624839
-00000045.637713
-00000033.453362
-00000048.374875
000000031.214796
-00000028.514024
000000045.301770
-00000040.971320
000000002.276692
000000046.000318
000000021.609503
-00000034.801487
-00000022.879823
000000014.595390
000000032.647672
-00000011.447062
-00000030.521410
-00000033.234832
000000023.715674
000000028.826998
-00000034.059111
000000031.791039
000000002.965896
000000036.525588
-00000049.368080
000000003.143403
-00000015.567563
-00000014.031150
000000039.080235
-00000004.320684
-00000012.242158
-00000015.844322
-00000040.879855
-00000032.544467
000000006.031893
-00000035.940541
000000047.337607
000000012.851597
-00000030.166739
-00000046.463491
-00000026.992861
-00000027.114425
-00000003.294366
000000047.057079
000000041.761183
000000027.047253
-00000000.481873
-00000044.190976
-00000027.221131
-00000042.326230
000000045.881212
-00000032.214574
000000035.784836
-00000019.082637
-00000016.747784
000000010.222210
-00000002.369689
000000049.832930
000000022.619529
-00000004.264651
-00000021.980038
-00000023.764049
-00000032.434729
000000025.817191
-00000014.306259
000000024.002780
-00000022.251950
-00000027.352026
-00000018.970008
-00000028.278062
000000016.908925
000000015.684348
000000039.874032
-00000034.564404
-00000011.314460
-00000047.013148
000000022.997386
000000010.076431
000000049.934848
-00000029.909523
-00000047.148850
000000022.610325
-00000015.160214
000000039.316829
-00000023.600082
-00000028.593629
-00000044.452160
000000049.245622
000000032.329554
-00000000.398714
000000031.010555
-00000036.357524
000000020.645111
000000008.896960
-00000042.574101
-00000030.923094
-00000009.241253
000000012.081458
000000026.405820
-00000045.080899
-00000035.931296
000000034.411709
000000033.687545
000000044.099316
000000002.518750
000000006.719264
-00000002.319927
-00000049.765485
000000034.785069
-00000013.359664
000000027.000003
000000020.321071
-00000014.041197
000000022.731671
000000025.829318
-00000047.430134
-00000000.415479
000000032.481168
-00000000.339921
-00000021.906152
000000037.697140
-00000043.514673
000000048.828109
000000011.583035
000000035.404499
000000023.536099
-00000001.957109
000000009.915799
000000032.234189
-00000024.708629
000000024.569807
000000005.518224
000000008.858630
-00000046.087451
-00000008.698129
-00000018.582046
000000001.201113
000000014.918441
000000021.971985
000000032.130531
000000015.889707
000000042.968307
000000040.316735
-00000034.887742
000000023.460111
-00000013.147667
000000032.034704
-00000025.575534
-00000004.180334
-00000002.798483
000000034.624419
-00000004.047866
-00000010.207547
000000015.959654
-00000044.809847
-00000006.959492
-00000038.098344
-00000010.820517
000000007.431238
000000035.354147
-00000045.945277
000000026.966728
000000026.457948
000000011.283969
-00000016.063669
000000028.216385
000000001.792820
000000046.051977
000000046.453316
-00000000.956093
-00000014.278855
000000001.075592
000000017.596542
-00000012.548619
000000014.661645
-00000025.998430
000000003.981735
000000011.789370
-00000013.136186
000000048.513438
-00000000.188382
-00000004.954991
-00000010.259707
000000005.529003
-00000031.915237
000000013.035368
-00000033.438200
-00000023.729183
000000019.894458
-00000006.596828
-00000035.058196
000000018.010243
000000010.258158
000000049.153804
-00000038.805924
000000026.715132
000000032.051703
000000019.654427
000000005.746810
-00000029.405362
-00000027.438014
000000011.916927
-00000031.357117
-00000035.582305
-00000003.500724
-00000036.952308
-00000028.139597
-00000012.168355
-00000048.079704
-00000027.527153
000000000.676616
000000039.634696
000000023.612606
000000010.503873
-00000028.690033
-00000026.467058
000000014.599346
-00000007.375550
-00000038.839782
-00000034.625292
000000048.372887
000000000.246374
-00000046.511500
-00000045.200264
000000000.401110
000000026.354230
000000015.513610
-00000000.171786
-00000019.172228
-00000034.748221
-00000019.363789
-00000003.132268
-00000035.121644
-00000049.583551
-00000012.360535
-00000006.780160
-00000037.633106
-00000036.796517
-00000004.133516
000000048.269883
000000012.272094
-00000008.178062
000000031.967430
-00000046.445878
000000007.319679
-00000042.302602
-00000024.919440
-00000027.210293
-00000008.108277
-00000047.830235
-00000019.687334
000000009.260770
000000024.714917
000000036.640283
000000009.978581
-00000000.224403
-00000033.697231
-00000035.966099
-00000044.077635
-00000001.594405
-00000004.001393
000000028.097675
000000019.862926
-00000022.390786
000000010.956580
-00000047.008086
-00000019.615317
-00000006.081639
000000031.088609
000000001.289762
000000031.043030
000000046.468725
-00000028.209062
000000020.386643
-00000026.999696
-00000017.800958
000000037.351686
000000020.999984
-00000005.610816
-00000043.999734
-00000010.149966
000000006.540694
-00000043.232351
000000048.499066
000000013.920520
-00000042.647464
000000033.946069
000000041.108711
000000000.116806
000000041.897514
000000040.308495
-00000013.365674
000000027.225359
000000039.731353
000000032.505093
000000034.801450
000000025.520156
000000044.441705
000000040.861574
000000042.871869
000000032.696935
-00000016.445436
-00000036.352169
000000040.866554
000000016.474114
-00000024.244856
000000049.897511
000000024.242338
-00000017.695628
000000011.684821
-00000025.988789
000000011.139349
000000031.325527
000000025.194386
000000019.959201
-00000049.934601
-00000002.076200
000000038.447292
000000004.388302
-00000027.790909
000000013.731391
-00000048.071273
-00000030.992450
000000002.135550
-00000003.509573
-00000016.456468
000000013.766915
000000024.640085
-00000000.743516
-00000022.042791
-00000043.146730
000000033.800831
000000024.468880
000000035.590852
000000036.521440
-00000005.870775
-00000024.623534
-00000008.273227
-00000012.818820
000000031.077173
-00000003.616387
-00000009.416807
-00000040.288335
000000048.494639
000000026.591174
-00000008.397360
000000028.224291
-00000020.023798
000000034.983252
000000049.260946
-00000045.194396
000000006.987722
000000019.497347
-00000028.804055
000000025.320674
-00000016.615457
-00000020.930250
-00000030.806463
000000036.131617
-00000040.856459
000000021.439549
000000024.432512
-00000000.613038
-00000011.882228
-00000040.894726
000000032.320034
000000046.978403
-00000020.767784
000000000.752613
000000027.250613
-00000013.231956
000000028.182355
000000040.416764
000000006.759398
-00000006.500262
-00000030.653420
000000026.628423
000000034.944410
-00000022.026644
-00000036.185954
-00000000.849852
-00000047.106544
-00000043.555913
-00000010.740977
-00000027.715578
000000019.423736
-00000044.514091
-00000002.478615
000000027.083218
000000048.042032
000000011.217519
000000034.403142
000000026.380724
-00000040.960282
000000014.130998
-00000021.851906
-00000042.011793
-00000018.508890
-00000022.098375
000000004.683411
000000034.527282
-00000014.870279
-00000028.582684
-00000038.121689
-00000029.557865
000000002.201306
000000004.586433
-00000033.711189
000000025.242056
-00000015.936066
000000039.813961
-00000014.856220
000000049.815042
-00000014.784692
-00000040.258430
000000046.283940
000000022.865689
-00000048.670140
000000038.102639
000000018.552255
-00000014.376785
000000019.599385
-00000027.662754
000000015.473856
000000013.707701
-00000004.930113
-00000035.254896
000000013.241534
000000039.516605
000000010.695443
000000012.039854
000000008.886498
000000011.093773
-00000009.509020
000000042.631691
000000021.473697
000000043.876600
000000032.526532
000000046.045327
000000005.189225
-00000039.996811
-00000006.305514
-00000028.372424
-00000028.180706
-00000018.667594
-00000037.609910
