000000039.718788
-00000014.264343
-00000024.546260
000000033.753112
000000005.287360
-00000042.206595
000000029.254024
000000036.794313
-00000006.803681
-00000015.266874
-00000007.349171
000000038.242454
-00000027.762982
000000001.623669
000000039.579797
000000048.464549
-00000041.679445
000000002.545037
000000003.637593
000000047.077299
000000013.869806
000000001.266315
000000029.513888
000000002.718625
000000040.426417
-00000003.590002
000000039.199569
000000008.437996
000000021.773467
-00000004.931506
-00000030.698408
000000001.517558
-00000011.860678
000000028.886581
-00000013.388369
-00000035.573526
-00000001.375179
000000024.529240
000000015.752971
-00000027.818787
000000034.060123
000000030.377767
-00000041.274910
000000047.451195
-00000030.962491
000000018.961032
-00000034.752576
-00000040.808912
000000045.683048
-00000027.681678
000000034.055166
-00000006.660345
000000006.436535
-00000040.946883
000000018.114914
-00000010.795889
-00000004.868723
000000047.683438
000000045.813795
-00000034.384923
-00000000.758564
-00000007.003118
000000000.551710
000000013.919155
-00000041.654512
000000029.012115
-00000036.835251
-00000043.434666
-00000010.496754
000000003.931211
-00000024.127005
000000020.691918
-00000002.963427
-00000024.201068
000000038.935070
-00000044.951422
000000017.628667
000000030.688403
-00000021.825757
-00000010.827313
-00000039.985576
-00000007.107017
-00000005.401138
000000048.421432
-00000002.061854
000000025.168919
000000018.367804
-00000036.254560
-00000035.569462
-00000000.547054
-00000024.443488
-00000043.457990
000000031.542858
-00000010.854157
000000045.080654
000000006.175629
-00000017.977079
-00000045.957619
000000037.564449
-00000020.508553
