000000039.718788
-00000014.264343
-00000024.546260
000000033.753112
000000005.287360
-00000042.206595
000000029.254024
000000036.794313
-00000006.803681
-00000015.266874
-00000007.349171
000000038.242454
-00000027.762982
000000001.623669
000000039.579797
000000048.464549
-00000041.679445
000000002.545037
000000003.637593
000000047.077299
000000013.869806
000000001.266315
000000029.513888
000000002.718625
000000040.426417
-00000003.590002
000000039.199569
000000008.437996
000000021.773467
-00000004.931506
