-00000021.639985
-00000000.203313
-00000034.152522
-00000037.547994
000000014.561511
000000026.088375
-00000009.234406
000000045.818163
000000040.867128
000000040.908929
000000001.588218
000000046.885346
000000097.287193
000000013.511861
-00000014.215956
-00000089.973417
000000028.471933
-00000084.329399
-00000044.388811
-00000064.663392
-00000002.091281
000000000.775507
-00000191.658952
-00000138.286867
000000020.113469
000000126.393444
-00000004.047640
000000115.037342
000000113.529419
000000142.549480
000000000.079627
000000000.741873
000000000.190911
000000046.303067
-00000025.852561
000000040.147131
-00000036.056352
000000074.204514
-00000007.987039
-00000023.570228
-00000001.564331
-00000000.073298
000000000.191278
-00000001.657260
-00000027.713833
000000094.172643
-00000104.611898
000000116.538448
-00000021.422790
000000041.090175
000000001.530904
000000000.832180
000000000.234144
000000001.872998
000000000.544167
-00000133.838543
000000163.734870
-00000188.659454
-00000050.623996
-00000055.311969
000000000.991914
000000000.993292
000000000.353335
000000000.711220
000000000.830352
000000000.982497
-00000059.867746
000000039.979182
000000031.336999
000000015.674846
000000000.305811
-00000000.090244
-00000000.249154
000000000.563680
-00000002.168257
-00000001.687038
-00000001.593805
-00000031.620038
-00000070.250676
000000080.727878
-00000001.627386
000000000.773071
000000000.643715
-00000000.513761
000000001.430063
000000000.922636
000000001.143304
-00000001.906900
-00000019.904137
000000164.072222
-00000000.551596
-00000000.361055
000000000.173274
000000000.324451
-00000001.200417
-00000000.374800
000000001.033730
000000002.177687
-00000003.611871
000000374.161484
