-00000021.639985
-00000000.203313
-00000034.152522
-00000037.547994
000000014.561511
000000026.088375
-00000009.234406
000000045.818163
000000040.867128
000000040.908929
-00000034.369022
000000046.562440
000000043.045529
-00000046.122554
000000008.910904
-00000048.539380
000000013.805680
-00000011.560150
000000020.517115
000000000.308922
000000045.255284
000000036.785102
-00000044.789536
-00000049.284928
-00000021.363313
000000002.060309
000000037.344280
-00000046.179344
-00000006.359055
000000006.850509
000000000.079627
000000034.782972
000000035.585029
000000029.926732
-00000032.559122
-00000002.471878
-00000015.706531
000000033.604650
-00000019.243937
-00000044.328055
000000036.588798
-00000006.826168
000000006.207269
-00000041.767721
-00000003.468723
000000021.463662
-00000034.371920
-00000049.006810
-00000048.780383
000000048.138681
-00000036.732265
000000035.776738
-00000012.632986
000000012.032908
-00000046.630181
-00000012.902593
000000044.910537
000000044.320087
-00000024.528604
-00000035.451464
000000000.991914
000000001.338898
-00000018.729921
-00000042.577515
-00000004.819582
-00000066.147134
000000036.372770
-00000083.944675
-00000020.081422
000000024.175504
-00000021.515296
-00000041.339679
-00000022.479467
000000149.525270
000000042.048165
000000048.245761
000000053.633360
000000082.120521
000000040.334639
-00000035.251678
000000039.507993
-00000047.812474
000000068.757206
-00000008.479726
000000035.533316
-00000024.856291
-00000111.196253
-00000018.764850
000000088.051738
000000063.759487
-00000000.551596
-00000000.486681
000000002.723826
000000116.721550
000000030.779947
000000183.498477
-00000127.074045
000000222.745814
000000074.431142
-00000102.060752
000000091.195493
000000127.314096
000000061.939179
-00000462.621253
-00000076.460122
-00000151.765819
-00000192.641655
-00000276.475343
-00000111.179345
000000134.964436
-00000104.780780
000000130.611484
-00000213.838816
-00000047.651111
-00000156.626944
000000074.813130
000000323.867530
000000063.984121
-00000237.750508
-00000232.497744
-00000000.965948
000000000.823124
000000003.500121
000000001.062336
000000030.198987
000000040.159832
000000020.574810
000000103.750213
000000054.890155
000000109.843995
-00000041.676982
000000078.285588
000000037.179989
-00000012.627497
-00000089.647995
-00000037.877109
000000038.541597
-00000014.084489
000000076.875287
-00000074.134891
000000020.212689
000000078.904826
-00000050.198438
000000013.260732
000000078.342479
000000024.999926
000000075.338973
-00000074.371683
-00000077.541346
000000065.013179
000000001.162041
000000001.056818
000000002.197752
000000000.859413
000000001.198962
-00000097.891344
000000063.620581
-00000184.225095
-00000072.602479
-00000056.600346
-00000017.932141
-00000189.672084
-00000111.974255
000000176.146993
000000030.460369
000000053.537437
000000065.201054
000000092.268880
-00000097.719350
000000046.347372
-00000051.227250
-00000214.517299
000000160.332312
000000060.972693
000000035.084421
-00000062.640620
-00000213.150836
000000066.673849
000000173.094284
-00000012.332691
-00000000.647664
-00000000.640923
-00000000.525616
-00000000.134030
-00000000.560180
-00000000.575229
-00000008.840955
-00000039.653721
-00000003.457720
000000021.835052
-00000064.918510
-00000016.472121
000000030.955341
000000074.285906
-00000043.219905
000000011.262664
000000018.629556
000000028.340195
000000016.059895
-00000015.324269
000000024.229492
-00000071.295196
000000028.550507
-00000025.490634
000000045.696669
-00000069.298491
000000005.140592
-00000011.446758
000000046.977023
000000023.374086
-00000000.785087
-00000000.788741
-00000000.406807
-00000000.592865
000000001.202214
-00000000.301787
000000013.782896
000000575.069023
-00000028.643246
-00000457.925909
000000994.315208
000000128.400531
-00000425.564535
-00001194.036222
000000723.487241
-00000146.024692
-00000378.303702
-00000511.727933
-00000445.883160
000000406.672490
-00000444.363902
000000936.229684
-00000443.127396
000000307.654202
-00000812.867657
000000968.678432
-00000030.138103
000000305.161342
-00000655.440472
-00000513.501838
000000001.606964
-00000000.960848
-00000004.585114
-00000000.878043
-00000000.274343
000000001.454394
000000003.290404
000000000.407717
000000003.638304
000000136.410355
-00000152.915379
000000162.993396
000000095.303504
000000286.079970
-00000106.084732
000000097.969263
000000078.370093
000000104.144109
000000296.481162
-00000230.441287
000000150.218976
000000050.169815
000000034.806497
-00000084.456046
000000148.610576
-00000160.308540
000000110.997516
-00000146.901933
000000070.055947
000000208.846421
000000001.360013
000000000.937362
-00000000.751934
000000000.292712
000000000.771278
000000001.787044
000000001.363967
000000000.183467
-00000002.217423
000000407.908990
-00000384.029664
000000491.577903
000000309.947315
000000818.123288
-00000208.365312
000000244.994708
000000133.910781
000000385.058365
000000867.792525
-00000655.481798
000000534.176433
000000234.297768
000000056.511261
-00000236.880289
000000444.585797
-00000422.682141
000000340.059144
-00000400.608061
000000103.328795
000000655.373891
-00000000.109687
000000000.627461
000000000.643321
-00000000.367455
000000000.617725
-00000001.323192
000000002.701889
-00000000.219505
-00000008.846967
000000002.281772
-00000073.235522
000000201.975038
-00000128.091373
000000176.124695
-00000137.643638
000000184.276656
000000216.205531
-00000110.498587
000000288.418637
-00000272.585308
-00000121.395141
000000065.599097
000000095.178095
-00000069.060820
-00000094.692195
-00000132.068565
000000064.858730
-00000108.053772
000000273.712966
000000056.934547
000000001.052075
000000001.376734
000000002.871467
000000001.068163
-00000001.293208
-00000000.354755
-00000016.516441
-00000001.209297
-00000026.492378
000000008.883545
000000008.055222
-00001766.698322
000000749.641700
-00001118.348457
000000134.589138
-00001036.892048
-00000828.850581
000000190.844730
-00002298.739846
000001925.608684
000000046.628955
-00001346.754201
-00000371.085695
000000544.299868
000000751.963939
000000632.226245
-00000615.662348
000000630.757788
-00001288.250799
-00000793.330326
000000000.597186
000000000.206248
000000000.022025
000000000.087898
000000000.479591
000000000.765443
000000001.721642
000000000.202140
000000015.256105
-00000005.004207
-00000005.143191
-00000000.604197
-00000032.742381
000000012.900220
-00000056.296823
000000084.507903
000000067.987416
-00000091.292248
-00000019.845860
-00000077.845028
-00000155.846932
-00000086.052396
-00000041.447934
000000062.844251
-00000013.033727
-00000037.344760
000000017.019560
000000003.939121
000000088.303984
-00000004.244218
000000001.259637
-00000000.224731
-00000002.620810
-00000000.125072
-00000002.043234
000000000.563953
-00000009.288333
-00000000.591896
000000013.063744
-00000003.985514
-00000004.693818
-00000000.476981
000000006.337695
000000022.934577
000000195.435583
-00000410.180736
-00000224.177818
000000355.799619
000000097.049167
000000350.339653
000000628.668703
000000482.708120
000000358.943679
-00000319.934411
000000034.082605
000000310.081819
-00000210.417411
-00000019.750897
-00000386.083764
000000014.176405
000000000.678067
000000000.536751
000000001.138373
000000000.262056
-00000000.559223
000000000.167976
-00000000.677911
000000000.157975
000000015.101644
-00000004.668311
-00000004.263194
-00000000.426094
000000003.929780
-00000001.054653
000000303.679859
-00000792.256261
-00000404.666034
000000635.845604
000000106.377815
000000624.500402
000001064.231851
000000776.577649
000000562.323123
-00000474.819029
000000121.276490
000000497.716612
-00000294.934120
-00000005.443857
-00000672.693523
000000028.757167
000000001.034644
000000000.742721
000000000.656848
000000000.713845
-00000001.103178
000000001.164878
-00000000.358992
000000000.156873
000000030.690554
-00000009.562587
-00000011.184252
-00000001.183442
000000010.184436
-00000003.924597
000000003.299588
000000312.532968
000000198.775406
-00000122.169705
000000311.358923
-00000184.171428
-00000102.605391
000000053.840211
000000097.442536
-00000133.714483
-00000311.743380
000000030.034765
-00000073.111547
-00000077.707648
000000099.620807
-00000119.151236
000000000.719389
-00000000.399186
-00000004.156677
-00000001.219515
-00000000.603051
000000000.639008
000000008.204076
000000000.654235
000000028.268814
-00000009.169532
-00000010.626269
-00000001.259838
000000006.929183
-00000005.805829
000000003.867317
000000000.651712
-00000034.197168
000000046.739608
000000139.870138
000000160.971568
000000226.986221
000000152.203649
000000159.035283
-00000320.806105
000000020.129750
000000102.649803
-00000138.557000
-00000105.802019
-00000124.040429
-00000046.770007
000000000.109505
000000001.433322
000000001.315830
000000000.111181
000000000.861377
-00000000.091594
000000006.168859
000000000.342049
000000001.139612
-00000000.418537
-00000000.756450
-00000000.092399
000000003.178718
-00000005.503574
000000004.181331
000000002.504392
000000005.153635
-00000388.294170
-00001323.183421
-00000905.159741
-00001431.789850
-00001235.020689
-00001246.362103
000002029.049317
000000338.023435
-00000761.641718
000000847.115261
000000652.530948
000000788.287864
000000454.507998
000000002.054168
000000001.427804
-00000002.759014
-00000000.715123
000000001.864333
000000002.171451
000000011.875176
000000000.820753
000000005.130489
-00000001.772783
-00000002.596704
-00000000.463577
-00000004.346805
-00000004.032747
000000001.500803
-00000000.319172
-00000000.444283
-00000000.235394
000000002.031911
-00000035.657421
000000016.132328
000000087.182749
000000180.226684
-00000019.353504
000000041.965883
000000377.094671
-00000245.021051
000000010.384818
-00000168.386039
-00000037.609712
000000000.019200
000000000.933936
000000001.757527
000000000.220150
000000002.302065
000000000.595551
000000006.507258
000000000.359486
000000005.820022
-00000002.320149
-00000002.087172
-00000000.377688
-00000005.019979
-00000001.421729
000000000.239516
-00000000.026895
000000000.184582
000000000.243283
000000130.936332
000004856.115404
-00001848.435642
-00011083.835873
-00023212.679869
000002109.448185
-00005556.766730
-00048993.952370
000031855.100463
-00001530.070614
000021803.312705
000004784.699348
-00000001.480348
-00000000.743942
000000001.509070
000000000.241032
000000001.053432
-00000000.470104
000000005.835168
000000000.377804
-00000012.978707
000000004.124557
000000005.643890
000000000.617718
-00000006.154008
000000002.195498
-00000001.949397
-00000000.873339
-00000001.841832
-00000000.339312
-00000046.575717
-00000000.346075
000000080.565996
000000250.148169
000000327.354164
-00000086.031209
000000035.368161
000000638.632746
-00000377.521379
-00000038.074431
-00000309.371427
-00000055.932787
-00000000.183999
000000000.337865
000000001.678766
000000000.882195
-00000000.184491
000000000.436671
-00000002.308026
-00000000.078097
-00000005.011118
000000002.030292
000000002.117564
000000000.337045
000000000.926919
-00000003.502992
000000002.521945
000000001.518454
000000002.655463
000000000.384358
-00000141.131176
-00000001.048262
000000001.750589
000000135.392126
000000326.214875
-00000100.735765
000000044.609267
000000644.977288
-00000468.686116
-00000018.602319
-00000201.274639
-00000114.510360
000000001.300352
-00000000.342236
-00000000.454303
000000000.104500
-00000001.152602
-00000000.019681
-00000009.616085
-00000000.633567
-00000026.077611
000000008.652430
000000008.944503
000000001.076768
-00000003.094902
000000005.423466
-00000003.651131
-00000001.348922
-00000000.409306
-00000000.215890
000000027.690342
000000000.167518
-00000002.732399
000000000.097226
-00000339.291348
000000159.331811
-00000154.260277
-00000691.311928
000000602.329855
-00000109.318691
000000223.998392
000000151.617541
000000001.739054
-00000001.047724
-00000004.940910
-00000000.560726
-00000001.778805
000000002.131293
-00000004.641557
000000000.021480
000000026.260668
-00000007.974051
-00000008.367603
-00000000.874899
000000004.347528
-00000004.757226
000000003.129474
000000001.022729
000000001.735730
000000000.261748
000000012.646743
000000000.106409
000000000.106596
000000001.749677
000000001.110035
-00000093.810991
000000058.918290
000000138.542006
-00000109.907431
000000212.110506
-00000091.559965
-00000041.595178
000000000.906439
-00000000.169547
-00000003.634778
-00000000.979777
000000000.826617
000000000.729760
000000008.849067
000000000.516896
-00000003.946656
000000001.122379
-00000000.292574
-00000000.144816
-00000000.970165
000000001.551397
-00000001.461869
-00000001.201491
-00000001.728415
-00000000.601152
-00000061.730434
-00000000.503883
-00000000.866570
-00000000.979694
000000000.212633
-00000000.450546
000000021.128898
-00000050.588327
000000019.498123
000000049.773686
000000154.165388
-00000026.388321
-00000001.179306
000000001.270792
000000002.383132
000000000.531423
000000002.860156
000000000.380824
000000014.648767
000000000.848886
000000011.831553
-00000004.316495
-00000004.781711
-00000000.712360
-00000000.664344
-00000000.215615
-00000000.028639
-00000000.239540
-00000003.101156
-00000000.610126
-00000137.257143
-00000001.031507
000000002.489060
-00000002.438073
-00000001.699649
000000000.439421
000000001.431961
-00000015.600161
-00000012.884318
-00000464.622574
-00000097.053326
000000037.415197
-00000000.636180
000000000.704676
000000002.538536
000000000.351827
-00000000.315702
-00000001.717979
-00000011.065663
-00000000.950752
-00000019.795935
000000006.055235
000000007.761760
000000000.901524
-00000004.000341
000000008.801304
-00000005.526655
-00000001.691540
-00000001.446257
-00000000.617034
-00000179.156786
-00000001.422688
-00000003.976044
000000001.359121
000000001.343553
-00000001.005980
000000002.444047
-00000016.767224
-00000080.641456
-00007738.554746
-00002126.514836
000000618.679083
000000000.967203
-00000000.880023
-00000005.364661
-00000001.770176
000000000.242834
000000000.436812
000000007.703455
000000000.483573
-00000003.973970
000000001.216318
-00000000.752040
-00000000.148376
000000000.687810
000000002.137544
-00000001.889631
-00000001.755003
-00000004.383474
-00000000.780799
000000097.627640
000000000.738066
000000001.815074
-00000004.078589
-00000001.519711
000000001.086992
-00000010.276532
000000050.992912
-00000010.582109
-00058104.836892
-00015628.232623
000004313.836343
000000002.057030
-00000000.059236
-00000005.309359
-00000000.848234
-00000000.667072
000000001.922208
-00000002.398631
-00000000.107392
000000013.809911
-00000004.327902
-00000005.481148
-00000000.650101
000000002.991756
-00000000.381651
000000000.557698
000000000.552329
000000001.836595
000000000.532744
000000165.307328
000000001.257061
-00000000.907649
000000000.404855
000000000.467573
000000000.498373
000000001.411609
-00000006.880200
000000001.685998
-00000000.167910
-00000001.272334
000000023.450681
-00000001.056641
-00000001.405428
-00000002.777796
-00000000.833901
-00000001.075214
-00000000.573577
000000000.657404
000000000.166307
000000016.640179
-00000005.306104
-00000004.440360
-00000000.453957
000000001.851253
000000000.049934
000000000.338600
000000000.485297
-00000000.331175
000000000.185201
000000073.667566
000000000.590178
000000001.477032
-00000000.637346
-00000000.922948
-00000000.473463
-00000000.810328
-00000000.466528
000000001.293024
-00000000.170656
-00000104.389277
000002343.330960
