000000001.851189
-00000015.550949
-00000004.081295
-00000025.399581
-00000011.394291
-00000001.869225
-00000005.348388
-00000008.161090
000000008.358881
-00000013.318463
-00000003.636449
-00000002.373254
000000024.083627
000000006.335970
-00000009.309248
000000004.452396
000000005.362131
-00000004.249148
-00000000.690349
-00000000.437125
000000003.482239
000000009.942268
-00000001.101748
-00000006.174033
000000009.627299
000000005.015413
-00000003.786748
000000002.505589
000000011.244074
000000000.339224
-00000020.437664
-00000000.402648
-00000001.762743
000000010.143531
000000004.905498
000000002.717768
-00000014.700396
-00000001.286347
-00000003.109101
000000008.164008
000000000.995076
-00000001.102457
000000003.919368
-00000004.783392
000000004.564835
-00000014.505336
000000000.758806
-00000006.347483
-00000015.708540
-00000001.456637
000000005.029154
-00000008.163758
-00000018.005752
000000017.913477
000000010.385342
-00000001.584733
-00000013.534094
-00000012.452727
-00000002.029558
000000012.922970
-00000011.317658
-00000007.882432
000000001.495673
000000001.829860
-00000004.503905
000000018.446563
-00000010.716130
000000011.136514
-00000000.549228
000000013.756814
000000014.365305
000000010.981683
000000014.392427
-00000016.727918
000000008.704381
-00000009.364414
000000004.151838
000000002.954270
-00000008.369124
000000002.820944
000000018.094348
000000012.415715
000000011.040580
-00000000.892974
-00000003.996582
-00000010.374761
-00000003.375095
000000013.687561
-00000002.160868
000000010.119344
-00000003.742128
000000013.733493
000000009.122036
-00000006.187470
000000014.893067
000000007.400539
-00000013.690767
-00000001.247295
000000002.354982
000000023.915348
