000000002.908340
000000003.403062
000000003.808882
000000001.569436
000000003.022033
000000002.158028
-00000000.745007
000000000.245255
-00000003.607573
-00000003.339188
000000000.872257
-00000002.153508
000000000.206380
000000003.241490
-00000001.034149
-00000003.008186
000000002.430923
-00000004.063549
000000002.233134
000000001.252516
000000005.510258
-00000002.811675
-00000005.654083
000000000.873659
-00000002.078674
000000005.864871
000000000.503498
-00000000.738547
000000002.814572
000000002.580371
