1.0000000000000000000000000000000000000000
0.9204107522964477539062500000000000000000
0.8423820734024047851562500000000000000000
0.7643533945083618164062500000000000000000
0.6908264160156250000000000000000000000000
0.6172994375228881835937500000000000000000
0.5507088899612426757812500000000000000000
0.4841184020042419433593750000000000000000
0.4261600077152252197265625000000000000000
0.3682016134262084960937500000000000000000
0.3197273015975952148437500000000000000000
0.2712529897689819335937500000000000000000
0.2323004454374313354492187500000000000000
0.1933479011058807373046875000000000000000
0.1632792651653289794921875000000000000000
0.1332106143236160278320312500000000000000
0.1109183505177497863769531250000000000000
0.0886260867118835449218750000000000000000
0.0727570131421089172363281250000000000000
0.0568879395723342895507812500000000000000
0.0460440702736377716064453125000000000000
0.0352002009749412536621093750000000000000
0.0280894692987203598022460937500000000000
0.0209787376224994659423828125000000000000
0.0165058560669422149658203125000000000000
0.0120329763740301132202148437500000000000
0.0093350484967231750488281250000000000000
0.0066371206194162368774414062500000000000
0.0050773811526596546173095703125000000000
0.0035176414530724287033081054687500000000
0.0026537859812378883361816406250000000000
0.0017899302765727043151855468750000000000
0.0013318250421434640884399414062500000000
0.0008737199241295456886291503906250000000
0.0006412485963664948940277099609375000000
0.0004087772686034440994262695312500000000
0.0002959603443741798400878906250000000000
0.0001831435802159830927848815917968750000
0.0001308228675043210387229919433593750000
0.0000785027950769290328025817871093750000
0.0000553329373360611498355865478515625000
0.0000321654733852483332157135009765625000
0.0000223782571993069723248481750488281250
0.0000125993938127066940069198608398437500
0.0000086675918282708153128623962402343750
0.0000047634543989261146634817123413085938
0.0000032901591566769639030098915100097656
0.0000019034988554267329163849353790283203
0.0000014774959709029644727706909179687500
0.0000013082567420497070997953414916992188
0.0000014995706578702083788812160491943359
0.0000024119910904119024053215980529785156
0.0000034527934076322708278894424438476562
0.0000064149112404265906661748886108398438
0.0000094203460321296006441116333007812500
0.0000172874715644866228103637695312500000
0.0000251684214163105934858322143554687500
0.0000447435122623573988676071166992187500
0.0000643227613181807100772857666015625000
0.0001106625422835350036621093750000000000
0.0001570034946780651807785034179687500000
0.0002616449201013892889022827148437500000
0.0003662866365630179643630981445312500000
0.0005919205141253769397735595703125000000
0.0008175544207915663719177246093750000000
0.0012824970763176679611206054687500000000
0.0017474398482590913772583007812500000000
0.0026636500842869281768798828125000000000
0.0035798605531454086303710937500000000000
0.0053075719624757766723632812500000000000
0.0070352829061448574066162109375000000000
0.0101547623053193092346191406250000000000
0.0132742412388324737548828125000000000000
0.0186700969934463500976562500000000000000
0.0240659527480602264404296875000000000000
0.0330117121338844299316406250000000000000
0.0419574752449989318847656250000000000000
0.0561789385974407196044921875000000000000
0.0704004019498825073242187500000000000000
0.0920881405472755432128906250000000000000
0.1137758791446685791015625000000000000000
0.1455140262842178344726562500000000000000
0.1772521734237670898437500000000000000000
0.2218367010354995727539062500000000000000
0.2664212286472320556640625000000000000000
0.3265585303306579589843750000000000000000
0.3866958022117614746093750000000000000000
0.4646008908748626708984375000000000000000
0.5425059795379638671875000000000000000000
0.6394546031951904296875000000000000000000
0.7364032268524169921875000000000000000000
0.8523200154304504394531250000000000000000
0.9682368040084838867187500000000000000000
1.1014177799224853515625000000000000000000
1.2345988750457763671875000000000000000000
1.3816528320312500000000000000000000000000
1.5287067890167236328125000000000000000000
1.6847641468048095703125000000000000000000
1.8408215045928955078125000000000000000000
2.0000000000000000000000000000000000000000
