1.0000000000000000000000000000000000000000
1.0000000000000000000000000000000000000000
1.0000000000000000000000000000000000000000
1.0000000000000000000000000000000000000000
1.0000000000000000000000000000000000000000
1.0000000000000000000000000000000000000000
1.0000000000000000000000000000000000000000
1.0000000000000000000000000000000000000000
1.0000000000000000000000000000000000000000
1.0000000000000000000000000000000000000000
1.0000000000000000000000000000000000000000
1.0000000000000000000000000000000000000000
1.0000000000000000000000000000000000000000
1.0000000000000000000000000000000000000000
1.0000000000000000000000000000000000000000
1.0000000000000000000000000000000000000000
1.0000000000000000000000000000000000000000
1.0000000000000000000000000000000000000000
1.0000000000000000000000000000000000000000
1.0000000000000000000000000000000000000000
3.0000000000000000000000000000000000000000
3.0000000000000000000000000000000000000000
1.8701387643814086914062500000000000000000
1.4930168390274047851562500000000000000000
1.3325875997543334960937500000000000000000
1.3975801467895507812500000000000000000000
1.7148399353027343750000000000000000000000
2.3059046268463134765625000000000000000000
4.0000000000000000000000000000000000000000
4.0000000000000000000000000000000000000000
3.0000000000000000000000000000000000000000
3.0000000000000000000000000000000000000000
2.1004607677459716796875000000000000000000
1.6797717809677124023437500000000000000000
1.4925553798675537109375000000000000000000
1.5845148563385009765625000000000000000000
1.9787113666534423828125000000000000000000
2.6490623950958251953125000000000000000000
4.0000000000000000000000000000000000000000
4.0000000000000000000000000000000000000000
3.0000000000000000000000000000000000000000
3.0000000000000000000000000000000000000000
2.2246737480163574218750000000000000000000
1.8024623394012451171875000000000000000000
1.6114814281463623046875000000000000000000
1.7164150476455688476562500000000000000000
2.1373114585876464843750000000000000000000
2.8224558830261230468750000000000000000000
4.0000000000000000000000000000000000000000
4.0000000000000000000000000000000000000000
3.0000000000000000000000000000000000000000
3.0000000000000000000000000000000000000000
2.2896664142608642578125000000000000000000
1.8944218158721923828125000000000000000000
1.7164151668548583984375000000000000000000
1.8213487863540649414062500000000000000000
2.2292711734771728515625000000000000000000
2.8874483108520507812500000000000000000000
4.0000000000000000000000000000000000000000
4.0000000000000000000000000000000000000000
3.0000000000000000000000000000000000000000
3.0000000000000000000000000000000000000000
2.3222842216491699218750000000000000000000
1.9787113666534423828125000000000000000000
1.8274046182632446289062500000000000000000
1.9193642139434814453125000000000000000000
2.2776510715484619140625000000000000000000
2.8708853721618652343750000000000000000000
4.0000000000000000000000000000000000000000
4.0000000000000000000000000000000000000000
3.0000000000000000000000000000000000000000
3.0000000000000000000000000000000000000000
2.3059046268463134765625000000000000000000
2.0416183471679687500000000000000000000000
1.9303696155548095703125000000000000000000
1.9953620433807373046875000000000000000000
2.2634413242340087890625000000000000000000
2.7416703701019287109375000000000000000000
4.0000000000000000000000000000000000000000
4.0000000000000000000000000000000000000000
2.0000000000000000000000000000000000000000
2.0000000000000000000000000000000000000000
2.0000000000000000000000000000000000000000
2.0000000000000000000000000000000000000000
2.0000000000000000000000000000000000000000
2.0000000000000000000000000000000000000000
2.0000000000000000000000000000000000000000
2.0000000000000000000000000000000000000000
2.0000000000000000000000000000000000000000
2.0000000000000000000000000000000000000000
2.0000000000000000000000000000000000000000
2.0000000000000000000000000000000000000000
2.0000000000000000000000000000000000000000
2.0000000000000000000000000000000000000000
2.0000000000000000000000000000000000000000
2.0000000000000000000000000000000000000000
2.0000000000000000000000000000000000000000
2.0000000000000000000000000000000000000000
2.0000000000000000000000000000000000000000
2.0000000000000000000000000000000000000000
