1.0000000000000000000000000000000000000000
1.0000000000000000000000000000000000000000
1.0000000000000000000000000000000000000000
1.0000000000000000000000000000000000000000
1.0000000000000000000000000000000000000000
1.0000000000000000000000000000000000000000
1.0000000000000000000000000000000000000000
1.0000000000000000000000000000000000000000
1.0000000000000000000000000000000000000000
1.0000000000000000000000000000000000000000
1.0000000000000000000000000000000000000000
1.0000000000000000000000000000000000000000
1.0000000000000000000000000000000000000000
1.0000000000000000000000000000000000000000
1.0000000000000000000000000000000000000000
1.0000000000000000000000000000000000000000
1.0000000000000000000000000000000000000000
1.0000000000000000000000000000000000000000
1.0000000000000000000000000000000000000000
1.0000000000000000000000000000000000000000
1.0000000000000000000000000000000000000000
1.0000000000000000000000000000000000000000
1.0000000000000000000000000000000000000000
1.0000000000000000000000000000000000000000
1.0000000000000000000000000000000000000000
1.0000000000000000000000000000000000000000
1.0000000000000000000000000000000000000000
1.0000000000000000000000000000000000000000
1.0000000000000000000000000000000000000000
1.0000000000000000000000000000000000000000
1.0000000000000000000000000000000000000000
1.0000000000000000000000000000000000000000
1.0000000000000000000000000000000000000000
1.0000000000000000000000000000000000000000
1.0000000000000000000000000000000000000000
1.0000000000000000000000000000000000000000
1.0000000000000000000000000000000000000000
1.0000000000000000000000000000000000000000
1.0000000000000000000000000000000000000000
1.0000000000000000000000000000000000000000
1.0000000000000000000000000000000000000000
1.0000000000000000000000000000000000000000
1.0000000000000000000000000000000000000000
1.0000000000000000000000000000000000000000
1.0000000000000000000000000000000000000000
1.0000000000000000000000000000000000000000
1.0000000000000000000000000000000000000000
1.0000000000000000000000000000000000000000
1.0000000000000000000000000000000000000000
1.0000000000000000000000000000000000000000
1.0000000000000000000000000000000000000000
1.0000000000000000000000000000000000000000
1.0000000000000000000000000000000000000000
1.0000000000000000000000000000000000000000
1.0000000000000000000000000000000000000000
1.0000000000000000000000000000000000000000
1.0000000000000000000000000000000000000000
1.0000000000000000000000000000000000000000
1.0000000000000000000000000000000000000000
1.0000000000000000000000000000000000000000
1.0000000000000000000000000000000000000000
1.0000000000000000000000000000000000000000
1.0000000000000000000000000000000000000000
1.0000000000000000000000000000000000000000
1.0000000000000000000000000000000000000000
1.0000000000000000000000000000000000000000
1.0000000000000000000000000000000000000000
1.0000000000000000000000000000000000000000
1.0000000000000000000000000000000000000000
1.0000000000000000000000000000000000000000
1.0000000000000000000000000000000000000000
1.0000000000000000000000000000000000000000
1.0000000000000000000000000000000000000000
1.0000000000000000000000000000000000000000
1.0000000000000000000000000000000000000000
1.0000000000000000000000000000000000000000
1.0000000000000000000000000000000000000000
1.0000000000000000000000000000000000000000
1.0000000000000000000000000000000000000000
1.0000000000000000000000000000000000000000
1.0000000000000000000000000000000000000000
1.0000000000000000000000000000000000000000
1.0000000000000000000000000000000000000000
1.0000000000000000000000000000000000000000
1.0000000000000000000000000000000000000000
1.0000000000000000000000000000000000000000
1.0000000000000000000000000000000000000000
1.0000000000000000000000000000000000000000
1.0000000000000000000000000000000000000000
1.0000000000000000000000000000000000000000
1.0000000000000000000000000000000000000000
1.0000000000000000000000000000000000000000
1.0000000000000000000000000000000000000000
1.0000000000000000000000000000000000000000
1.0000000000000000000000000000000000000000
1.0000000000000000000000000000000000000000
1.0000000000000000000000000000000000000000
1.0000000000000000000000000000000000000000
1.0000000000000000000000000000000000000000
1.0000000000000000000000000000000000000000
3.0000000000000000000000000000000000000000
3.0000000000000000000000000000000000000000
3.0000000000000000000000000000000000000000
3.0000000000000000000000000000000000000000
3.0000000000000000000000000000000000000000
3.0000000000000000000000000000000000000000
3.0000000000000000000000000000000000000000
3.0000000000000000000000000000000000000000
3.0000000000000000000000000000000000000000
3.0000000000000000000000000000000000000000
5.0000000000000000000000000000000000000000
2.5834851264953613281250000000000000000000
2.1887140274047851562500000000000000000000
2.0596370697021484375000000000000000000000
2.0207974910736083984375000000000000000000
2.0323979854583740234375000000000000000000
2.0999886989593505859375000000000000000000
2.2819032669067382812500000000000000000000
2.8132226467132568359375000000000000000000
6.0000000000000000000000000000000000000000
5.0000000000000000000000000000000000000000
2.7197840213775634765625000000000000000000
2.1216456890106201171875000000000000000000
1.9091532230377197265625000000000000000000
1.8424627780914306640625000000000000000000
1.8635017871856689453125000000000000000000
1.9811933040618896484375000000000000000000
2.2808415889739990234375000000000000000000
3.0801630020141601562500000000000000000000
6.0000000000000000000000000000000000000000
5.0000000000000000000000000000000000000000
2.7406001091003417968750000000000000000000
2.1330270767211914062500000000000000000000
1.8876488208770751953125000000000000000000
1.8076049089431762695312500000000000000000
1.8347932100296020507812500000000000000000
1.9789795875549316406250000000000000000000
2.3257303237915039062500000000000000000000
3.1283373832702636718750000000000000000000
6.0000000000000000000000000000000000000000
5.0000000000000000000000000000000000000000
2.7524349689483642578125000000000000000000
2.1486937999725341796875000000000000000000
1.9004963636398315429687500000000000000000
1.8175140619277954101562500000000000000000
1.8475767374038696289062500000000000000000
2.0002045631408691406250000000000000000000
2.3524477481842041015625000000000000000000
3.1483485698699951171875000000000000000000
6.0000000000000000000000000000000000000000
5.0000000000000000000000000000000000000000
2.7649228572845458984375000000000000000000
2.1710069179534912109375000000000000000000
1.9288129806518554687500000000000000000000
1.8484497070312500000000000000000000000000
1.8785123825073242187500000000000000000000
2.0285212993621826171875000000000000000000
2.3747606277465820312500000000000000000000
3.1608362197875976562500000000000000000000
6.0000000000000000000000000000000000000000
5.0000000000000000000000000000000000000000
2.7847573757171630859375000000000000000000
2.2099239826202392578125000000000000000000
1.9827146530151367187500000000000000000000
1.9096343517303466796875000000000000000000
1.9368226528167724609375000000000000000000
2.0740454196929931640625000000000000000000
2.4026274681091308593750000000000000000000
3.1724946498870849609375000000000000000000
6.0000000000000000000000000000000000000000
5.0000000000000000000000000000000000000000
2.8258831501007080078125000000000000000000
2.2951145172119140625000000000000000000000
2.1071732044219970703125000000000000000000
2.0490832328796386718750000000000000000000
2.0701222419738769531250000000000000000000
2.1792132854461669921875000000000000000000
2.4543106555938720703125000000000000000000
3.1862623691558837890625000000000000000000
6.0000000000000000000000000000000000000000
5.0000000000000000000000000000000000000000
2.8993184566497802734375000000000000000000
2.5620920658111572265625000000000000000000
2.4515626430511474609375000000000000000000
2.4187045097351074218750000000000000000000
2.4303052425384521484375000000000000000000
2.4919142723083496093750000000000000000000
2.6552813053131103515625000000000000000000
3.1290559768676757812500000000000000000000
6.0000000000000000000000000000000000000000
4.0000000000000000000000000000000000000000
4.0000000000000000000000000000000000000000
4.0000000000000000000000000000000000000000
4.0000000000000000000000000000000000000000
4.0000000000000000000000000000000000000000
4.0000000000000000000000000000000000000000
4.0000000000000000000000000000000000000000
4.0000000000000000000000000000000000000000
4.0000000000000000000000000000000000000000
4.0000000000000000000000000000000000000000
3.0000000000000000000000000000000000000000
3.0000000000000000000000000000000000000000
3.0000000000000000000000000000000000000000
3.0000000000000000000000000000000000000000
3.0000000000000000000000000000000000000000
3.0000000000000000000000000000000000000000
3.0000000000000000000000000000000000000000
3.0000000000000000000000000000000000000000
3.0000000000000000000000000000000000000000
3.0000000000000000000000000000000000000000
5.0000000000000000000000000000000000000000
3.4869875907897949218750000000000000000000
2.9476513862609863281250000000000000000000
2.7501871585845947265625000000000000000000
2.6870121955871582031250000000000000000000
2.7080516815185546875000000000000000000000
2.8222272396087646484375000000000000000000
3.1068475246429443359375000000000000000000
3.8473668098449707031250000000000000000000
6.0000000000000000000000000000000000000000
5.0000000000000000000000000000000000000000
3.7590658664703369140625000000000000000000
2.9467706680297851562500000000000000000000
2.6222004890441894531250000000000000000000
2.5139789581298828125000000000000000000000
2.5521621704101562500000000000000000000000
2.7509787082672119140625000000000000000000
3.2196087837219238281250000000000000000000
4.3270549774169921875000000000000000000000
6.0000000000000000000000000000000000000000
5.0000000000000000000000000000000000000000
3.8112719058990478515625000000000000000000
2.9951689243316650390625000000000000000000
2.6214447021484375000000000000000000000000
2.4920475482940673828125000000000000000000
2.5414292812347412109375000000000000000000
2.7849638462066650390625000000000000000000
3.3266389369964599609375000000000000000000
4.4266934394836425781250000000000000000000
6.0000000000000000000000000000000000000000
5.0000000000000000000000000000000000000000
3.8367190361022949218750000000000000000000
3.0310344696044921875000000000000000000000
2.6545851230621337890625000000000000000000
2.5210630893707275390625000000000000000000
2.5756947994232177734375000000000000000000
2.8332965373992919921875000000000000000000
3.3824331760406494140625000000000000000000
4.4668188095092773437500000000000000000000
6.0000000000000000000000000000000000000000
5.0000000000000000000000000000000000000000
3.8593547344207763671875000000000000000000
3.0715167522430419921875000000000000000000
2.7060170173645019531250000000000000000000
2.5772950649261474609375000000000000000000
2.6319265365600585937500000000000000000000
2.8847277164459228515625000000000000000000
3.4229145050048828125000000000000000000000
4.4894547462463378906250000000000000000000
6.0000000000000000000000000000000000000000
5.0000000000000000000000000000000000000000
3.8900091648101806640625000000000000000000
3.1325519084930419921875000000000000000000
2.7916579246520996093750000000000000000000
2.6750078201293945312500000000000000000000
2.7243895530700683593750000000000000000000
2.9551763534545898437500000000000000000000
3.4640216827392578125000000000000000000000
4.5054311752319335937500000000000000000000
6.0000000000000000000000000000000000000000
5.0000000000000000000000000000000000000000
3.9398066997528076171875000000000000000000
3.2436177730560302734375000000000000000000
2.9631285667419433593750000000000000000000
2.8706128597259521484375000000000000000000
2.9087955951690673828125000000000000000000
3.0919067859649658203125000000000000000000
3.5164570808410644531250000000000000000000
4.5077962875366210937500000000000000000000
6.0000000000000000000000000000000000000000
5.0000000000000000000000000000000000000000
3.9784257411956787109375000000000000000000
3.5373506546020507812500000000000000000000
3.3730163574218750000000000000000000000000
3.3207473754882812500000000000000000000000
3.3417863845825195312500000000000000000000
3.4450566768646240234375000000000000000000
3.6965472698211669921875000000000000000000
4.3388056755065917968750000000000000000000
6.0000000000000000000000000000000000000000
4.0000000000000000000000000000000000000000
4.0000000000000000000000000000000000000000
4.0000000000000000000000000000000000000000
4.0000000000000000000000000000000000000000
4.0000000000000000000000000000000000000000
4.0000000000000000000000000000000000000000
4.0000000000000000000000000000000000000000
4.0000000000000000000000000000000000000000
4.0000000000000000000000000000000000000000
4.0000000000000000000000000000000000000000
3.0000000000000000000000000000000000000000
3.0000000000000000000000000000000000000000
3.0000000000000000000000000000000000000000
3.0000000000000000000000000000000000000000
3.0000000000000000000000000000000000000000
3.0000000000000000000000000000000000000000
3.0000000000000000000000000000000000000000
3.0000000000000000000000000000000000000000
3.0000000000000000000000000000000000000000
3.0000000000000000000000000000000000000000
5.0000000000000000000000000000000000000000
3.6821308135986328125000000000000000000000
3.2343859672546386718750000000000000000000
3.0280137062072753906250000000000000000000
2.9579875469207763671875000000000000000000
2.9851756095886230468750000000000000000000
3.1193451881408691406250000000000000000000
3.4270892143249511718750000000000000000000
4.0698680877685546875000000000000000000000
6.0000000000000000000000000000000000000000
5.0000000000000000000000000000000000000000
4.0715827941894531250000000000000000000000
3.4064800739288330078125000000000000000000
3.0687282085418701171875000000000000000000
2.9492611885070800781250000000000000000000
2.9986424446105957031250000000000000000000
3.2322478294372558593750000000000000000000
3.7379503250122070312500000000000000000000
4.6870040893554687500000000000000000000000
6.0000000000000000000000000000000000000000
5.0000000000000000000000000000000000000000
4.1587166786193847656250000000000000000000
3.5073306560516357421875000000000000000000
3.1210069656372070312500000000000000000000
2.9791097640991210937500000000000000000000
3.0430352687835693359375000000000000000000
3.3290431499481201171875000000000000000000
3.9116940498352050781250000000000000000000
4.8324871063232421875000000000000000000000
6.0000000000000000000000000000000000000000
5.0000000000000000000000000000000000000000
4.1981363296508789062500000000000000000000
3.5658991336822509765625000000000000000000
3.1799747943878173828125000000000000000000
3.0347259044647216796875000000000000000000
3.1054937839508056640625000000000000000000
3.4076433181762695312500000000000000000000
3.9958407878875732421875000000000000000000
4.8906440734863281250000000000000000000000
6.0000000000000000000000000000000000000000
5.0000000000000000000000000000000000000000
4.2273674011230468750000000000000000000000
3.6182332038879394531250000000000000000000
3.2465558052062988281250000000000000000000
3.1075882911682128906250000000000000000000
3.1783566474914550781250000000000000000000
3.4742231369018554687500000000000000000000
4.0481753349304199218750000000000000000000
4.9198741912841796875000000000000000000000
6.0000000000000000000000000000000000000000
5.0000000000000000000000000000000000000000
4.2583856582641601562500000000000000000000
3.6816546916961669921875000000000000000000
3.3375706672668457031250000000000000000000
3.2123301029205322265625000000000000000000
3.2762548923492431640625000000000000000000
3.5456066131591796875000000000000000000000
4.0860171318054199218750000000000000000000
4.9321560859680175781250000000000000000000
6.0000000000000000000000000000000000000000
5.0000000000000000000000000000000000000000
4.2896666526794433593750000000000000000000
3.7665050029754638671875000000000000000000
3.4850277900695800781250000000000000000000
3.3860235214233398437500000000000000000000
3.4354054927825927734375000000000000000000
3.6485462188720703125000000000000000000000
4.0979747772216796875000000000000000000000
4.9050879478454589843750000000000000000000
6.0000000000000000000000000000000000000000
5.0000000000000000000000000000000000000000
4.2043170928955078125000000000000000000000
3.8754093647003173828125000000000000000000
3.7110662460327148437500000000000000000000
3.6552217006683349609375000000000000000000
3.6824100017547607421875000000000000000000
3.8023974895477294921875000000000000000000
4.0681128501892089843750000000000000000000
4.5920548439025878906250000000000000000000
6.0000000000000000000000000000000000000000
4.0000000000000000000000000000000000000000
4.0000000000000000000000000000000000000000
4.0000000000000000000000000000000000000000
4.0000000000000000000000000000000000000000
4.0000000000000000000000000000000000000000
4.0000000000000000000000000000000000000000
4.0000000000000000000000000000000000000000
4.0000000000000000000000000000000000000000
4.0000000000000000000000000000000000000000
4.0000000000000000000000000000000000000000
3.0000000000000000000000000000000000000000
3.0000000000000000000000000000000000000000
3.0000000000000000000000000000000000000000
3.0000000000000000000000000000000000000000
3.0000000000000000000000000000000000000000
3.0000000000000000000000000000000000000000
3.0000000000000000000000000000000000000000
3.0000000000000000000000000000000000000000
3.0000000000000000000000000000000000000000
3.0000000000000000000000000000000000000000
5.0000000000000000000000000000000000000000
3.7505168914794921875000000000000000000000
3.3455247879028320312500000000000000000000
3.1547045707702636718750000000000000000000
3.0869231224060058593750000000000000000000
3.1169855594635009765625000000000000000000
3.2544131278991699218750000000000000000000
3.5492782592773437500000000000000000000000
4.1464304924011230468750000000000000000000
6.0000000000000000000000000000000000000000
5.0000000000000000000000000000000000000000
4.1889019012451171875000000000000000000000
3.5975461006164550781250000000000000000000
3.2870588302612304687500000000000000000000
3.1719934940338134765625000000000000000000
3.2266249656677246093750000000000000000000
3.4657700061798095703125000000000000000000
3.9489440917968750000000000000000000000000
4.8190026283264160156250000000000000000000
6.0000000000000000000000000000000000000000
5.0000000000000000000000000000000000000000
4.3017482757568359375000000000000000000000
3.7409620285034179687500000000000000000000
3.3889138698577880859375000000000000000000
3.2533221244812011718750000000000000000000
3.3240900039672851562500000000000000000000
3.6165814399719238281250000000000000000000
4.1709036827087402343750000000000000000000
4.9942555427551269531250000000000000000000
6.0000000000000000000000000000000000000000
5.0000000000000000000000000000000000000000
4.3512644767761230468750000000000000000000
3.8167715072631835937500000000000000000000
3.4686987400054931640625000000000000000000
3.3311789035797119140625000000000000000000
3.4095580577850341796875000000000000000000
3.7180798053741455078125000000000000000000
4.2748756408691406250000000000000000000000
5.0643239021301269531250000000000000000000
6.0000000000000000000000000000000000000000
5.0000000000000000000000000000000000000000
4.3835706710815429687500000000000000000000
3.8746540546417236328125000000000000000000
3.5424067974090576171875000000000000000000
3.4118938446044921875000000000000000000000
3.4902727603912353515625000000000000000000
3.7917881011962890625000000000000000000000
4.3327579498291015625000000000000000000000
5.0966281890869140625000000000000000000000
6.0000000000000000000000000000000000000000
5.0000000000000000000000000000000000000000
4.4104447364807128906250000000000000000000
3.9313900470733642578125000000000000000000
3.6259226799011230468750000000000000000000
3.5088894367218017578125000000000000000000
3.5796580314636230468750000000000000000000
3.8535914421081542968750000000000000000000
4.3613324165344238281250000000000000000000
5.1029515266418457031250000000000000000000
6.0000000000000000000000000000000000000000
5.0000000000000000000000000000000000000000
4.4189596176147460937500000000000000000000
3.9787487983703613281250000000000000000000
3.7299923896789550781250000000000000000000
3.6376826763153076171875000000000000000000
3.6923146247863769531250000000000000000000
3.9087040424346923828125000000000000000000
4.3301477432250976562500000000000000000000
5.0490598678588867187500000000000000000000
6.0000000000000000000000000000000000000000
5.0000000000000000000000000000000000000000
4.2816028594970703125000000000000000000000
4.0021781921386718750000000000000000000000
3.8572633266448974609375000000000000000000
3.8052310943603515625000000000000000000000
3.8352940082550048828125000000000000000000
3.9569721221923828125000000000000000000000
4.2059321403503417968750000000000000000000
4.6775164604187011718750000000000000000000
6.0000000000000000000000000000000000000000
4.0000000000000000000000000000000000000000
4.0000000000000000000000000000000000000000
4.0000000000000000000000000000000000000000
4.0000000000000000000000000000000000000000
4.0000000000000000000000000000000000000000
4.0000000000000000000000000000000000000000
4.0000000000000000000000000000000000000000
4.0000000000000000000000000000000000000000
4.0000000000000000000000000000000000000000
4.0000000000000000000000000000000000000000
3.0000000000000000000000000000000000000000
3.0000000000000000000000000000000000000000
3.0000000000000000000000000000000000000000
3.0000000000000000000000000000000000000000
3.0000000000000000000000000000000000000000
3.0000000000000000000000000000000000000000
3.0000000000000000000000000000000000000000
3.0000000000000000000000000000000000000000
3.0000000000000000000000000000000000000000
3.0000000000000000000000000000000000000000
5.0000000000000000000000000000000000000000
3.7639667987823486328125000000000000000000
3.3695371150970458984375000000000000000000
3.1851480007171630859375000000000000000000
3.1201589107513427734375000000000000000000
3.1502215862274169921875000000000000000000
3.2848567962646484375000000000000000000000
3.5732915401458740234375000000000000000000
4.1598806381225585937500000000000000000000
6.0000000000000000000000000000000000000000
5.0000000000000000000000000000000000000000
4.2129154205322265625000000000000000000000
3.6404712200164794921875000000000000000000
3.3415648937225341796875000000000000000000
3.2315640449523925781250000000000000000000
3.2861957550048828125000000000000000000000
3.5202763080596923828125000000000000000000
3.9918699264526367187500000000000000000000
4.8430151939392089843750000000000000000000
6.0000000000000000000000000000000000000000
5.0000000000000000000000000000000000000000
4.3321919441223144531250000000000000000000
3.7954683303833007812500000000000000000000
3.4582591056823730468750000000000000000000
3.3292114734649658203125000000000000000000
3.3999800682067871093750000000000000000000
3.6859273910522460937500000000000000000000
4.2254104614257812500000000000000000000000
5.0246987342834472656250000000000000000000
6.0000000000000000000000000000000000000000
5.0000000000000000000000000000000000000000
4.3845009803771972656250000000000000000000
3.8763418197631835937500000000000000000000
3.5445880889892578125000000000000000000000
3.4143064022064208984375000000000000000000
3.4926853179931640625000000000000000000000
3.7939693927764892578125000000000000000000
4.3344459533691406250000000000000000000000
5.0975594520568847656250000000000000000000
6.0000000000000000000000000000000000000000
5.0000000000000000000000000000000000000000
4.4168057441711425781250000000000000000000
3.9342243671417236328125000000000000000000
3.6182959079742431640625000000000000000000
3.4950211048126220703125000000000000000000
3.5733997821807861328125000000000000000000
3.8676769733428955078125000000000000000000
4.3923287391662597656250000000000000000000
5.1298646926879882812500000000000000000000
6.0000000000000000000000000000000000000000
5.0000000000000000000000000000000000000000
4.4408879280090332031250000000000000000000
3.9858958721160888671875000000000000000000
3.6952679157257080078125000000000000000000
3.5847790241241455078125000000000000000000
3.6555469036102294921875000000000000000000
3.9229359626770019531250000000000000000000
4.4158391952514648437500000000000000000000
5.1333961486816406250000000000000000000000
6.0000000000000000000000000000000000000000
5.0000000000000000000000000000000000000000
4.4429736137390136718750000000000000000000
4.0216746330261230468750000000000000000000
3.7844984531402587890625000000000000000000
3.6972534656524658203125000000000000000000
3.7518849372863769531250000000000000000000
3.9632098674774169921875000000000000000000
4.3730731010437011718750000000000000000000
5.0730738639831542968750000000000000000000
6.0000000000000000000000000000000000000000
5.0000000000000000000000000000000000000000
4.2950534820556640625000000000000000000000
4.0261921882629394531250000000000000000000
3.8877072334289550781250000000000000000000
3.8384673595428466796875000000000000000000
3.8685302734375000000000000000000000000000
3.9874160289764404296875000000000000000000
4.2299456596374511718750000000000000000000
4.6909670829772949218750000000000000000000
6.0000000000000000000000000000000000000000
4.0000000000000000000000000000000000000000
4.0000000000000000000000000000000000000000
4.0000000000000000000000000000000000000000
4.0000000000000000000000000000000000000000
4.0000000000000000000000000000000000000000
4.0000000000000000000000000000000000000000
4.0000000000000000000000000000000000000000
4.0000000000000000000000000000000000000000
4.0000000000000000000000000000000000000000
4.0000000000000000000000000000000000000000
3.0000000000000000000000000000000000000000
3.0000000000000000000000000000000000000000
3.0000000000000000000000000000000000000000
3.0000000000000000000000000000000000000000
3.0000000000000000000000000000000000000000
3.0000000000000000000000000000000000000000
3.0000000000000000000000000000000000000000
3.0000000000000000000000000000000000000000
3.0000000000000000000000000000000000000000
3.0000000000000000000000000000000000000000
5.0000000000000000000000000000000000000000
3.7305111885070800781250000000000000000000
3.3184773921966552734375000000000000000000
3.1317546367645263671875000000000000000000
3.0691618919372558593750000000000000000000
3.0963506698608398437500000000000000000000
3.2230861186981201171875000000000000000000
3.5111811161041259765625000000000000000000
4.1182484626770019531250000000000000000000
6.0000000000000000000000000000000000000000
5.0000000000000000000000000000000000000000
4.1556744575500488281250000000000000000000
3.5530796051025390625000000000000000000000
3.2501847743988037109375000000000000000000
3.1441743373870849609375000000000000000000
3.1935563087463378906250000000000000000000
3.4137041568756103515625000000000000000000
3.8845503330230712890625000000000000000000
4.7710957527160644531250000000000000000000
6.0000000000000000000000000000000000000000
5.0000000000000000000000000000000000000000
4.2624573707580566406250000000000000000000
3.6887876987457275390625000000000000000000
3.3464481830596923828125000000000000000000
3.2219023704528808593750000000000000000000
3.2858281135559082031250000000000000000000
3.5544846057891845703125000000000000000000
4.0931506156921386718750000000000000000000
4.9362277984619140625000000000000000000000
6.0000000000000000000000000000000000000000
5.0000000000000000000000000000000000000000
4.3093113899230957031250000000000000000000
3.7608127593994140625000000000000000000000
3.4227678775787353515625000000000000000000
3.2966811656951904296875000000000000000000
3.3674490451812744140625000000000000000000
3.6504361629486083984375000000000000000000
4.1907548904418945312500000000000000000000
5.0018186569213867187500000000000000000000
6.0000000000000000000000000000000000000000
5.0000000000000000000000000000000000000000
4.3385424613952636718750000000000000000000
3.8131468296051025390625000000000000000000
3.4893484115600585937500000000000000000000
3.3695435523986816406250000000000000000000
3.4403119087219238281250000000000000000000
3.7170166969299316406250000000000000000000
4.2430891990661621093750000000000000000000
5.0310497283935546875000000000000000000000
6.0000000000000000000000000000000000000000
5.0000000000000000000000000000000000000000
4.3621258735656738281250000000000000000000
3.8631107807159423828125000000000000000000
3.5630123615264892578125000000000000000000
3.4551229476928710937500000000000000000000
3.5190486907958984375000000000000000000000
3.7710483074188232421875000000000000000000
4.2674746513366699218750000000000000000000
5.0358977317810058593750000000000000000000
6.0000000000000000000000000000000000000000
5.0000000000000000000000000000000000000000
4.3737587928771972656250000000000000000000
3.9131054878234863281250000000000000000000
3.6664850711822509765625000000000000000000
3.5809388160705566406250000000000000000000
3.6303198337554931640625000000000000000000
3.8300044536590576171875000000000000000000
4.2445755004882812500000000000000000000000
4.9891805648803710937500000000000000000000
6.0000000000000000000000000000000000000000
5.0000000000000000000000000000000000000000
4.2526984214782714843750000000000000000000
3.9595019817352294921875000000000000000000
3.8148081302642822265625000000000000000000
3.7663972377777099609375000000000000000000
3.7935853004455566406250000000000000000000
3.9061386585235595703125000000000000000000
4.1522054672241210937500000000000000000000
4.6404356956481933593750000000000000000000
6.0000000000000000000000000000000000000000
4.0000000000000000000000000000000000000000
4.0000000000000000000000000000000000000000
4.0000000000000000000000000000000000000000
4.0000000000000000000000000000000000000000
4.0000000000000000000000000000000000000000
4.0000000000000000000000000000000000000000
4.0000000000000000000000000000000000000000
4.0000000000000000000000000000000000000000
4.0000000000000000000000000000000000000000
4.0000000000000000000000000000000000000000
3.0000000000000000000000000000000000000000
3.0000000000000000000000000000000000000000
3.0000000000000000000000000000000000000000
3.0000000000000000000000000000000000000000
3.0000000000000000000000000000000000000000
3.0000000000000000000000000000000000000000
3.0000000000000000000000000000000000000000
3.0000000000000000000000000000000000000000
3.0000000000000000000000000000000000000000
3.0000000000000000000000000000000000000000
5.0000000000000000000000000000000000000000
3.6080808639526367187500000000000000000000
3.1448562145233154296875000000000000000000
2.9741101264953613281250000000000000000000
2.9201371669769287109375000000000000000000
2.9411764144897460937500000000000000000000
3.0461506843566894531250000000000000000000
3.3040525913238525390625000000000000000000
3.9684598445892333984375000000000000000000
6.0000000000000000000000000000000000000000
5.0000000000000000000000000000000000000000
3.9562709331512451171875000000000000000000
3.2699718475341796875000000000000000000000
2.9923369884490966796875000000000000000000
2.9007155895233154296875000000000000000000
2.9388988018035888671875000000000000000000
3.1211154460906982421875000000000000000000
3.5428104400634765625000000000000000000000
4.5242605209350585937500000000000000000000
6.0000000000000000000000000000000000000000
5.0000000000000000000000000000000000000000
4.0351953506469726562500000000000000000000
3.3653056621551513671875000000000000000000
3.0501677989959716796875000000000000000000
2.9420869350433349609375000000000000000000
2.9914686679840087890625000000000000000000
3.2136867046356201171875000000000000000000
3.6967754364013671875000000000000000000000
4.6506171226501464843750000000000000000000
6.0000000000000000000000000000000000000000
5.0000000000000000000000000000000000000000
4.0698437690734863281250000000000000000000
3.4177708625793457031250000000000000000000
3.1046240329742431640625000000000000000000
2.9945776462554931640625000000000000000000
3.0492095947265625000000000000000000000000
3.2833356857299804687500000000000000000000
3.7691695690155029296875000000000000000000
4.6999440193176269531250000000000000000000
6.0000000000000000000000000000000000000000
5.0000000000000000000000000000000000000000
4.0924797058105468750000000000000000000000
3.4582529067993164062500000000000000000000
3.1560561656951904296875000000000000000000
3.0508096218109130859375000000000000000000
3.1054413318634033203125000000000000000000
3.3347673416137695312500000000000000000000
3.8096516132354736328125000000000000000000
4.7225804328918457031250000000000000000000
6.0000000000000000000000000000000000000000
5.0000000000000000000000000000000000000000
4.1139330863952636718750000000000000000000
3.5026884078979492187500000000000000000000
3.2203805446624755859375000000000000000000
3.1250472068786621093750000000000000000000
3.1744291782379150390625000000000000000000
3.3838994503021240234375000000000000000000
3.8341584205627441406250000000000000000000
4.7293548583984375000000000000000000000000
6.0000000000000000000000000000000000000000
5.0000000000000000000000000000000000000000
4.1370120048522949218750000000000000000000
3.5668196678161621093750000000000000000000
3.3332653045654296875000000000000000000000
3.2573490142822265625000000000000000000000
3.2955319881439208984375000000000000000000
3.4620425701141357421875000000000000000000
3.8396584987640380859375000000000000000000
4.7050008773803710937500000000000000000000
6.0000000000000000000000000000000000000000
5.0000000000000000000000000000000000000000
4.0995187759399414062500000000000000000000
3.7345559597015380859375000000000000000000
3.5969400405883789062500000000000000000000
3.5538723468780517578125000000000000000000
3.5749115943908691406250000000000000000000
3.6689801216125488281250000000000000000000
3.8937518596649169921875000000000000000000
4.4598979949951171875000000000000000000000
6.0000000000000000000000000000000000000000
4.0000000000000000000000000000000000000000
4.0000000000000000000000000000000000000000
4.0000000000000000000000000000000000000000
4.0000000000000000000000000000000000000000
4.0000000000000000000000000000000000000000
4.0000000000000000000000000000000000000000
4.0000000000000000000000000000000000000000
4.0000000000000000000000000000000000000000
4.0000000000000000000000000000000000000000
4.0000000000000000000000000000000000000000
3.0000000000000000000000000000000000000000
3.0000000000000000000000000000000000000000
3.0000000000000000000000000000000000000000
3.0000000000000000000000000000000000000000
3.0000000000000000000000000000000000000000
3.0000000000000000000000000000000000000000
3.0000000000000000000000000000000000000000
3.0000000000000000000000000000000000000000
3.0000000000000000000000000000000000000000
3.0000000000000000000000000000000000000000
5.0000000000000000000000000000000000000000
3.0244607925415039062500000000000000000000
2.6952390670776367187500000000000000000000
2.5864503383636474609375000000000000000000
2.5540201663970947265625000000000000000000
2.5656204223632812500000000000000000000000
2.6268022060394287109375000000000000000000
2.7884283065795898437500000000000000000000
3.2541980743408203125000000000000000000000
6.0000000000000000000000000000000000000000
5.0000000000000000000000000000000000000000
3.2263088226318359375000000000000000000000
2.7352550029754638671875000000000000000000
2.5581166744232177734375000000000000000000
2.5029621124267578125000000000000000000000
2.5240015983581542968750000000000000000000
2.6301572322845458984375000000000000000000
2.8944509029388427734375000000000000000000
3.5866882801055908203125000000000000000000
6.0000000000000000000000000000000000000000
5.0000000000000000000000000000000000000000
3.2674136161804199218750000000000000000000
2.7819905281066894531250000000000000000000
2.5803594589233398437500000000000000000000
2.5150880813598632812500000000000000000000
2.5422763824462890625000000000000000000000
2.6716909408569335937500000000000000000000
2.9746942520141601562500000000000000000000
3.6551508903503417968750000000000000000000
6.0000000000000000000000000000000000000000
5.0000000000000000000000000000000000000000
3.2856571674346923828125000000000000000000
2.8091933727264404296875000000000000000000
2.6079792976379394531250000000000000000000
2.5412349700927734375000000000000000000000
2.5712976455688476562500000000000000000000
2.7076878547668457031250000000000000000000
3.0129473209381103515625000000000000000000
3.6815707683563232421875000000000000000000
6.0000000000000000000000000000000000000000
5.0000000000000000000000000000000000000000
3.2981450557708740234375000000000000000000
2.8315062522888183593750000000000000000000
2.6362960338592529296875000000000000000000
2.5721707344055175781250000000000000000000
2.6022334098815917968750000000000000000000
2.7360045909881591796875000000000000000000
3.0352602005004882812500000000000000000000
3.6940591335296630859375000000000000000000
6.0000000000000000000000000000000000000000
5.0000000000000000000000000000000000000000
3.3115708827972412109375000000000000000000
2.8588879108428955078125000000000000000000
2.6754257678985595703125000000000000000000
2.6171174049377441406250000000000000000000
2.6443059444427490234375000000000000000000
2.7667562961578369140625000000000000000000
3.0515911579132080078125000000000000000000
3.6993076801300048828125000000000000000000
6.0000000000000000000000000000000000000000
5.0000000000000000000000000000000000000000
3.3324081897735595703125000000000000000000
2.9087235927581787109375000000000000000000
2.7561368942260742187500000000000000000000
2.7095828056335449218750000000000000000000
2.7306218147277832031250000000000000000000
2.8281769752502441406250000000000000000000
3.0679197311401367187500000000000000000000
3.6927871704101562500000000000000000000000
6.0000000000000000000000000000000000000000
5.0000000000000000000000000000000000000000
3.3402941226959228515625000000000000000000
3.0686171054840087890625000000000000000000
2.9783761501312255859375000000000000000000
2.9519269466400146484375000000000000000000
2.9635274410247802734375000000000000000000
3.0187275409698486328125000000000000000000
3.1618063449859619140625000000000000000000
3.5700316429138183593750000000000000000000
6.0000000000000000000000000000000000000000
4.0000000000000000000000000000000000000000
4.0000000000000000000000000000000000000000
4.0000000000000000000000000000000000000000
4.0000000000000000000000000000000000000000
4.0000000000000000000000000000000000000000
4.0000000000000000000000000000000000000000
4.0000000000000000000000000000000000000000
4.0000000000000000000000000000000000000000
4.0000000000000000000000000000000000000000
4.0000000000000000000000000000000000000000
2.0000000000000000000000000000000000000000
2.0000000000000000000000000000000000000000
2.0000000000000000000000000000000000000000
2.0000000000000000000000000000000000000000
2.0000000000000000000000000000000000000000
2.0000000000000000000000000000000000000000
2.0000000000000000000000000000000000000000
2.0000000000000000000000000000000000000000
2.0000000000000000000000000000000000000000
2.0000000000000000000000000000000000000000
2.0000000000000000000000000000000000000000
2.0000000000000000000000000000000000000000
2.0000000000000000000000000000000000000000
2.0000000000000000000000000000000000000000
2.0000000000000000000000000000000000000000
2.0000000000000000000000000000000000000000
2.0000000000000000000000000000000000000000
2.0000000000000000000000000000000000000000
2.0000000000000000000000000000000000000000
2.0000000000000000000000000000000000000000
2.0000000000000000000000000000000000000000
2.0000000000000000000000000000000000000000
2.0000000000000000000000000000000000000000
2.0000000000000000000000000000000000000000
2.0000000000000000000000000000000000000000
2.0000000000000000000000000000000000000000
2.0000000000000000000000000000000000000000
2.0000000000000000000000000000000000000000
2.0000000000000000000000000000000000000000
2.0000000000000000000000000000000000000000
2.0000000000000000000000000000000000000000
2.0000000000000000000000000000000000000000
2.0000000000000000000000000000000000000000
2.0000000000000000000000000000000000000000
2.0000000000000000000000000000000000000000
2.0000000000000000000000000000000000000000
2.0000000000000000000000000000000000000000
2.0000000000000000000000000000000000000000
2.0000000000000000000000000000000000000000
2.0000000000000000000000000000000000000000
2.0000000000000000000000000000000000000000
2.0000000000000000000000000000000000000000
2.0000000000000000000000000000000000000000
2.0000000000000000000000000000000000000000
2.0000000000000000000000000000000000000000
2.0000000000000000000000000000000000000000
2.0000000000000000000000000000000000000000
2.0000000000000000000000000000000000000000
2.0000000000000000000000000000000000000000
2.0000000000000000000000000000000000000000
2.0000000000000000000000000000000000000000
2.0000000000000000000000000000000000000000
2.0000000000000000000000000000000000000000
2.0000000000000000000000000000000000000000
2.0000000000000000000000000000000000000000
2.0000000000000000000000000000000000000000
2.0000000000000000000000000000000000000000
2.0000000000000000000000000000000000000000
2.0000000000000000000000000000000000000000
2.0000000000000000000000000000000000000000
2.0000000000000000000000000000000000000000
2.0000000000000000000000000000000000000000
2.0000000000000000000000000000000000000000
2.0000000000000000000000000000000000000000
2.0000000000000000000000000000000000000000
2.0000000000000000000000000000000000000000
2.0000000000000000000000000000000000000000
2.0000000000000000000000000000000000000000
2.0000000000000000000000000000000000000000
2.0000000000000000000000000000000000000000
2.0000000000000000000000000000000000000000
2.0000000000000000000000000000000000000000
2.0000000000000000000000000000000000000000
2.0000000000000000000000000000000000000000
2.0000000000000000000000000000000000000000
2.0000000000000000000000000000000000000000
2.0000000000000000000000000000000000000000
2.0000000000000000000000000000000000000000
2.0000000000000000000000000000000000000000
2.0000000000000000000000000000000000000000
2.0000000000000000000000000000000000000000
2.0000000000000000000000000000000000000000
2.0000000000000000000000000000000000000000
2.0000000000000000000000000000000000000000
2.0000000000000000000000000000000000000000
2.0000000000000000000000000000000000000000
2.0000000000000000000000000000000000000000
2.0000000000000000000000000000000000000000
2.0000000000000000000000000000000000000000
2.0000000000000000000000000000000000000000
2.0000000000000000000000000000000000000000
2.0000000000000000000000000000000000000000
2.0000000000000000000000000000000000000000
2.0000000000000000000000000000000000000000
2.0000000000000000000000000000000000000000
2.0000000000000000000000000000000000000000
2.0000000000000000000000000000000000000000
2.0000000000000000000000000000000000000000
2.0000000000000000000000000000000000000000
2.0000000000000000000000000000000000000000
