1.0000000000000000000000000000000000000000
1.0000000000000000000000000000000000000000
1.0000000000000000000000000000000000000000
1.0000000000000000000000000000000000000000
1.0000000000000000000000000000000000000000
1.0000000000000000000000000000000000000000
1.0000000000000000000000000000000000000000
1.0000000000000000000000000000000000000000
1.0000000000000000000000000000000000000000
1.0000000000000000000000000000000000000000
1.0000000000000000000000000000000000000000
1.0000000000000000000000000000000000000000
1.0000000000000000000000000000000000000000
1.0000000000000000000000000000000000000000
1.0000000000000000000000000000000000000000
1.0000000000000000000000000000000000000000
1.0000000000000000000000000000000000000000
1.0000000000000000000000000000000000000000
1.0000000000000000000000000000000000000000
1.0000000000000000000000000000000000000000
1.0000000000000000000000000000000000000000
1.0000000000000000000000000000000000000000
1.0000000000000000000000000000000000000000
1.0000000000000000000000000000000000000000
1.0000000000000000000000000000000000000000
1.0000000000000000000000000000000000000000
1.0000000000000000000000000000000000000000
1.0000000000000000000000000000000000000000
1.0000000000000000000000000000000000000000
1.0000000000000000000000000000000000000000
1.0000000000000000000000000000000000000000
1.0000000000000000000000000000000000000000
3.0000000000000000000000000000000000000000
1.9749212265014648437500000000000000000000
1.5551540851593017578125000000000000000000
1.3459638357162475585937500000000000000000
1.2226086854934692382812500000000000000000
1.1404051780700683593750000000000000000000
1.0811685323715209960937500000000000000000
1.0364741086959838867187500000000000000000
1.0019830465316772460937500000000000000000
0.9751573801040649414062500000000000000000
0.9544174671173095703125000000000000000000
0.9386511445045471191406250000000000000000
0.9270908236503601074218750000000000000000
0.9191638231277465820312500000000000000000
0.9145038127899169921875000000000000000000
0.9128991365432739257812500000000000000000
0.9143136739730834960937500000000000000000
0.9188809990882873535156250000000000000000
0.9269020557403564453125000000000000000000
0.9388766884803771972656250000000000000000
0.9554809927940368652343750000000000000000
0.9776545763015747070312500000000000000000
1.0066037178039550781250000000000000000000
1.0440261363983154296875000000000000000000
1.0923219919204711914062500000000000000000
1.1553206443786621093750000000000000000000
1.2395737171173095703125000000000000000000
1.3577656745910644531250000000000000000000
1.5372495651245117187500000000000000000000
1.8451362848281860351562500000000000000000
2.4686470031738281250000000000000000000000
4.0000000000000000000000000000000000000000
3.0000000000000000000000000000000000000000
2.3455188274383544921875000000000000000000
1.9016416072845458984375000000000000000000
1.6088726520538330078125000000000000000000
1.4075412750244140625000000000000000000000
1.2619357109069824218750000000000000000000
1.1522735357284545898437500000000000000000
1.0675402879714965820312500000000000000000
1.0011948347091674804687500000000000000000
0.9491900801658630371093750000000000000000
0.9087358713150024414062500000000000000000
0.8779038190841674804687500000000000000000
0.8552213907241821289062500000000000000000
0.8396624922752380371093750000000000000000
0.8304967284202575683593750000000000000000
0.8273441195487976074218750000000000000000
0.8301302194595336914062500000000000000000
0.8391085863113403320312500000000000000000
0.8548837900161743164062500000000000000000
0.8783797025680541992187500000000000000000
0.9109375476837158203125000000000000000000
0.9542622566223144531250000000000000000000
1.0106589794158935546875000000000000000000
1.0830928087234497070312500000000000000000
1.1757913827896118164062500000000000000000
1.2948896884918212890625000000000000000000
1.4502643346786499023437500000000000000000
1.6585512161254882812500000000000000000000
1.9495559930801391601562500000000000000000
2.3770303726196289062500000000000000000000
3.0306847095489501953125000000000000000000
4.0000000000000000000000000000000000000000
3.0000000000000000000000000000000000000000
2.5074403285980224609375000000000000000000
2.1008224487304687500000000000000000000000
1.7857725620269775390625000000000000000000
1.5436626672744750976562500000000000000000
1.3555109500885009765625000000000000000000
1.2073514461517333984375000000000000000000
1.0895801782608032226562500000000000000000
0.9957774877548217773437500000000000000000
0.9213606715202331542968750000000000000000
0.8630827665328979492187500000000000000000
0.8184018731117248535156250000000000000000
0.7854532003402709960937500000000000000000
0.7627766132354736328125000000000000000000
0.7494159936904907226562500000000000000000
0.7448136806488037109375000000000000000000
0.7488832473754882812500000000000000000000
0.7619999051094055175781250000000000000000
0.7849923372268676757812500000000000000000
0.8192159533500671386718750000000000000000
0.8664647340774536132812500000000000000000
0.9291595816612243652343750000000000000000
1.0102541446685791015625000000000000000000
1.1136460304260253906250000000000000000000
1.2442915439605712890625000000000000000000
1.4091324806213378906250000000000000000000
1.6179213523864746093750000000000000000000
1.8852057456970214843750000000000000000000
2.2321534156799316406250000000000000000000
2.6874890327453613281250000000000000000000
3.2794709205627441406250000000000000000000
4.0000000000000000000000000000000000000000
3.0000000000000000000000000000000000000000
2.5862722396850585937500000000000000000000
2.2139513492584228515625000000000000000000
1.8977556228637695312500000000000000000000
1.6358567476272583007812500000000000000000
1.4208903312683105468750000000000000000000
1.2449493408203125000000000000000000000000
1.1014537811279296875000000000000000000000
0.9850518703460693359375000000000000000000
0.8916422128677368164062500000000000000000
0.8178192973136901855468750000000000000000
0.7609421610832214355468750000000000000000
0.7187896966934204101562500000000000000000
0.6897323131561279296875000000000000000000
0.6725649833679199218750000000000000000000
0.6666564941406250000000000000000000000000
0.6718981266021728515625000000000000000000
0.6887518167495727539062500000000000000000
0.7182878255844116210937500000000000000000
0.7621074914932250976562500000000000000000
0.8224747776985168457031250000000000000000
0.9021415710449218750000000000000000000000
1.0046191215515136718750000000000000000000
1.1340034008026123046875000000000000000000
1.2954826354980468750000000000000000000000
1.4953293800354003906250000000000000000000
1.7416968345642089843750000000000000000000
2.0446724891662597656250000000000000000000
2.4163722991943359375000000000000000000000
2.8681950569152832031250000000000000000000
3.4032793045043945312500000000000000000000
4.0000000000000000000000000000000000000000
3.0000000000000000000000000000000000000000
2.6273453235626220703125000000000000000000
2.2781386375427246093750000000000000000000
1.9657014608383178710937500000000000000000
1.6941699981689453125000000000000000000000
1.4623187780380249023437500000000000000000
1.2668721675872802734375000000000000000000
1.1038577556610107421875000000000000000000
0.9695796966552734375000000000000000000000
0.8605161309242248535156250000000000000000
0.7736779451370239257812500000000000000000
0.7063203454017639160156250000000000000000
0.6562404632568359375000000000000000000000
0.6215841770172119140625000000000000000000
0.6010959744453430175781250000000000000000
0.5940335988998413085937500000000000000000
0.6003040671348571777343750000000000000000
0.6204642653465270996093750000000000000000
0.6557013392448425292968750000000000000000
0.7079122066497802734375000000000000000000
0.7795249223709106445312500000000000000000
0.8736718893051147460937500000000000000000
0.9938930273056030273437500000000000000000
1.1444358825683593750000000000000000000000
1.3299134969711303710937500000000000000000
1.5557165145874023437500000000000000000000
1.8275790214538574218750000000000000000000
2.1516847610473632812500000000000000000000
2.5332922935485839843750000000000000000000
2.9746398925781250000000000000000000000000
3.4700233936309814453125000000000000000000
4.0000000000000000000000000000000000000000
3.0000000000000000000000000000000000000000
2.6493871212005615234375000000000000000000
2.3141021728515625000000000000000000000000
2.0051550865173339843750000000000000000000
1.7283208370208740234375000000000000000000
1.4855582714080810546875000000000000000000
1.2762813568115234375000000000000000000000
1.0987725257873535156250000000000000000000
0.9505353569984436035156250000000000000000
0.8290100097656250000000000000000000000000
0.7314577698707580566406250000000000000000
0.6554363369941711425781250000000000000000
0.5986377000808715820312500000000000000000
0.5592615008354187011718750000000000000000
0.5359185934066772460937500000000000000000
0.5278767347335815429687500000000000000000
0.5350367426872253417968750000000000000000
0.5580043792724609375000000000000000000000
0.5981302857398986816406250000000000000000
0.6573862433433532714843750000000000000000
0.7384687662124633789062500000000000000000
0.8444894552230834960937500000000000000000
0.9791531562805175781250000000000000000000
1.1463011503219604492187500000000000000000
1.3501524925231933593750000000000000000000
1.5947098731994628906250000000000000000000
1.8838965892791748046875000000000000000000
2.2205903530120849609375000000000000000000
2.6060326099395751953125000000000000000000
3.0377805233001708984375000000000000000000
3.5077271461486816406250000000000000000000
4.0000000000000000000000000000000000000000
3.0000000000000000000000000000000000000000
2.6611106395721435546875000000000000000000
2.3335828781127929687500000000000000000000
2.0265717506408691406250000000000000000000
1.7462726831436157226562500000000000000000
1.4959459304809570312500000000000000000000
1.2768183946609497070312500000000000000000
1.0884480476379394531250000000000000000000
0.9295806884765625000000000000000000000000
0.7981932759284973144531250000000000000000
0.6921303272247314453125000000000000000000
0.6090133190155029296875000000000000000000
0.5467440485954284667968750000000000000000
0.5034257173538208007812500000000000000000
0.4777291417121887207031250000000000000000
0.4688627123832702636718750000000000000000
0.4767579436302185058593750000000000000000
0.5020861029624938964843750000000000000000
0.5462293028831481933593750000000000000000
0.6113376617431640625000000000000000000000
0.7000768780708312988281250000000000000000
0.8157265186309814453125000000000000000000
0.9617230892181396484375000000000000000000
1.1417967081069946289062500000000000000000
1.3593398332595825195312500000000000000000
1.6175260543823242187500000000000000000000
1.9184794425964355468750000000000000000000
2.2631573677062988281250000000000000000000
2.6501650810241699218750000000000000000000
3.0751349925994873046875000000000000000000
3.5294229984283447265625000000000000000000
4.0000000000000000000000000000000000000000
3.0000000000000000000000000000000000000000
2.6670536994934082031250000000000000000000
2.3433525562286376953125000000000000000000
2.0369415283203125000000000000000000000000
1.7538332939147949218750000000000000000000
1.4980601072311401367187500000000000000000
1.2716455459594726562500000000000000000000
1.0752499103546142578125000000000000000000
0.9082217216491699218750000000000000000000
0.7692738771438598632812500000000000000000
0.6564569473266601562500000000000000000000
0.5677549839019775390625000000000000000000
0.5010457038879394531250000000000000000000
0.4545750319957733154296875000000000000000
0.4269443452358245849609375000000000000000
0.4174132347106933593750000000000000000000
0.4259134232997894287109375000000000000000
0.4531365334987640380859375000000000000000
0.5005662441253662109375000000000000000000
0.5703265666961669921875000000000000000000
0.6652282476425170898437500000000000000000
0.7883794307708740234375000000000000000000
0.9432471394538879394531250000000000000000
1.1330599784851074218750000000000000000000
1.3608748912811279296875000000000000000000
1.6288137435913085937500000000000000000000
1.9380751848220825195312500000000000000000
2.2880322933197021484375000000000000000000
2.6760983467102050781250000000000000000000
3.0968286991119384765625000000000000000000
3.5418894290924072265625000000000000000000
4.0000000000000000000000000000000000000000
3.0000000000000000000000000000000000000000
2.6697196960449218750000000000000000000000
2.3475522994995117187500000000000000000000
2.0407557487487792968750000000000000000000
1.7552695274353027343750000000000000000000
1.4952934980392456054687500000000000000000
1.2635250091552734375000000000000000000000
1.0610611438751220703125000000000000000000
0.8879477977752685546875000000000000000000
0.7431564331054687500000000000000000000000
0.6251901388168334960937500000000000000000
0.5320789217948913574218750000000000000000
0.4619272649288177490234375000000000000000
0.4129312932491302490234375000000000000000
0.3837863206863403320312500000000000000000
0.3737182617187500000000000000000000000000
0.3826907873153686523437500000000000000000
0.4114364981651306152343750000000000000000
0.4614256024360656738281250000000000000000
0.5348870754241943359375000000000000000000
0.6345261931419372558593750000000000000000
0.7635340690612792968750000000000000000000
0.9250730276107788085937500000000000000000
1.1222815513610839843750000000000000000000
1.3575800657272338867187500000000000000000
1.6326758861541748046875000000000000000000
1.9477753639221191406250000000000000000000
2.3015840053558349609375000000000000000000
2.6905713081359863281250000000000000000000
3.1090550422668457031250000000000000000000
3.5488843917846679687500000000000000000000
4.0000000000000000000000000000000000000000
3.0000000000000000000000000000000000000000
2.6706206798553466796875000000000000000000
2.3486835956573486328125000000000000000000
2.0410528182983398437500000000000000000000
1.7534406185150146484375000000000000000000
1.4902815818786621093750000000000000000000
1.2544442415237426757812500000000000000000
1.0475368499755859375000000000000000000000
0.8698147535324096679687500000000000000000
0.7206978201866149902343750000000000000000
0.5987727046012878417968750000000000000000
0.5023499727249145507812500000000000000000
0.4295139610767364501953125000000000000000
0.3786011338233947753906250000000000000000
0.3482642471790313720703125000000000000000
0.3377855718135833740234375000000000000000
0.3471287786960601806640625000000000000000
0.3770309090614318847656250000000000000000
0.4290232956409454345703125000000000000000
0.5052751898765563964843750000000000000000
0.6085764765739440917968750000000000000000
0.7419362068176269531250000000000000000000
0.9085357785224914550781250000000000000000
1.1111257076263427734375000000000000000000
1.3519759178161621093750000000000000000000
1.6321628093719482421875000000000000000000
1.9515576362609863281250000000000000000000
2.3081521987915039062500000000000000000000
2.6981554031372070312500000000000000000000
3.1155939102172851562500000000000000000000
3.5526788234710693359375000000000000000000
4.0000000000000000000000000000000000000000
3.0000000000000000000000000000000000000000
2.6706531047821044921875000000000000000000
2.3483862876892089843750000000000000000000
2.0397481918334960937500000000000000000000
1.7504166364669799804687500000000000000000
1.4847867488861083984375000000000000000000
1.2460086345672607421875000000000000000000
1.0357947349548339843750000000000000000000
0.8547642230987548828125000000000000000000
0.7024156451225280761718750000000000000000
0.5776209831237792968750000000000000000000
0.4786950945854187011718750000000000000000
0.4038935005664825439453125000000000000000
0.3515173196792602539062500000000000000000
0.3203017711639404296875000000000000000000
0.3095076978206634521484375000000000000000
0.3191233277320861816406250000000000000000
0.3499097824096679687500000000000000000000
0.4033719897270202636718750000000000000000
0.4817415177822113037109375000000000000000
0.5877042412757873535156250000000000000000
0.7243227362632751464843750000000000000000
0.8945459127426147460937500000000000000000
1.1011002063751220703125000000000000000000
1.3458580970764160156250000000000000000000
1.6297559738159179687500000000000000000000
1.9521594047546386718750000000000000000000
2.3108906745910644531250000000000000000000
2.7017836570739746093750000000000000000000
3.1189291477203369140625000000000000000000
3.5546383857727050781250000000000000000000
4.0000000000000000000000000000000000000000
3.0000000000000000000000000000000000000000
2.6704094409942626953125000000000000000000
2.3476648330688476562500000000000000000000
2.0381865501403808593750000000000000000000
1.7475215196609497070312500000000000000000
1.4801632165908813476562500000000000000000
1.2392678260803222656250000000000000000000
1.0267872810363769531250000000000000000000
0.8433864116668701171875000000000000000000
0.6888076663017272949218750000000000000000
0.5619374513626098632812500000000000000000
0.4612659811973571777343750000000000000000
0.3850275278091430664062500000000000000000
0.3316227793693542480468750000000000000000
0.2997606694698333740234375000000000000000
0.2887443304061889648437500000000000000000
0.2985616922378540039062500000000000000000
0.3299719989299774169921875000000000000000
0.3845146894454956054687500000000000000000
0.4643680453300476074218750000000000000000
0.5722675919532775878906250000000000000000
0.7111430168151855468750000000000000000000
0.8839672803878784179687500000000000000000
1.0932250022888183593750000000000000000000
1.3407499790191650390625000000000000000000
1.6271412372589111328125000000000000000000
1.9516800642013549804687500000000000000000
2.3118638992309570312500000000000000000000
2.7035136222839355468750000000000000000000
3.1206080913543701171875000000000000000000
3.5556654930114746093750000000000000000000
4.0000000000000000000000000000000000000000
3.0000000000000000000000000000000000000000
2.6702525615692138671875000000000000000000
2.3472263813018798828125000000000000000000
2.0372135639190673828125000000000000000000
1.7457535266876220703125000000000000000000
1.4772895574569702148437500000000000000000
1.2350981235504150390625000000000000000000
1.0211398601531982421875000000000000000000
0.8362517356872558593750000000000000000000
0.6801893711090087890625000000000000000000
0.5519904494285583496093750000000000000000
0.4501380324363708496093750000000000000000
0.3729670345783233642578125000000000000000
0.3188587129116058349609375000000000000000
0.2865745425224304199218750000000000000000
0.2754073441028594970703125000000000000000
0.2853596806526184082031250000000000000000
0.3172033131122589111328125000000000000000
0.3724566698074340820312500000000000000000
0.4533295035362243652343750000000000000000
0.5624881982803344726562500000000000000000
0.7028924822807312011718750000000000000000
0.8773781657218933105468750000000000000000
1.0884323120117187500000000000000000000000
1.3376802206039428710937500000000000000000
1.6256893873214721679687500000000000000000
1.9515058994293212890625000000000000000000
2.3126065731048583984375000000000000000000
2.7046558856964111328125000000000000000000
3.1217093467712402343750000000000000000000
3.5563182830810546875000000000000000000000
4.0000000000000000000000000000000000000000
3.0000000000000000000000000000000000000000
2.6704471111297607421875000000000000000000
2.3475255966186523437500000000000000000000
2.0374774932861328125000000000000000000000
1.7457785606384277343750000000000000000000
1.4769039154052734375000000000000000000000
1.2341135740280151367187500000000000000000
1.0194609165191650390625000000000000000000
0.8337906599044799804687500000000000000000
0.6769629716873168945312500000000000000000
0.5480206012725830078125000000000000000000
0.4455292820930480957031250000000000000000
0.3678187727928161621093750000000000000000
0.3133211731910705566406250000000000000000
0.2807907760143280029296875000000000000000
0.2695427834987640380859375000000000000000
0.2795814871788024902343750000000000000000
0.3116764724254608154296875000000000000000
0.3673596680164337158203125000000000000000
0.4488108158111572265625000000000000000000
0.5587143301963806152343750000000000000000
0.6999616622924804687500000000000000000000
0.8753966689109802246093750000000000000000
1.0873932838439941406250000000000000000000
1.3375660181045532226562500000000000000000
1.6263384819030761718750000000000000000000
1.9527409076690673828125000000000000000000
2.3141252994537353515625000000000000000000
2.7061777114868164062500000000000000000000
3.1229171752929687500000000000000000000000
3.5569911003112792968750000000000000000000
4.0000000000000000000000000000000000000000
3.0000000000000000000000000000000000000000
2.6711750030517578125000000000000000000000
2.3489255905151367187500000000000000000000
2.0394396781921386718750000000000000000000
1.7481706142425537109375000000000000000000
1.4795693159103393554687500000000000000000
1.2369172573089599609375000000000000000000
1.0222717523574829101562500000000000000000
0.8365233540534973144531250000000000000000
0.6795476675033569335937500000000000000000
0.5504344701766967773437500000000000000000
0.4477622210979461669921875000000000000000
0.3698953092098236083984375000000000000000
0.3152725994586944580078125000000000000000
0.2826678454875946044921875000000000000000
0.2713999450206756591796875000000000000000
0.2814787626266479492187500000000000000000
0.3136775493621826171875000000000000000000
0.3695201277732849121093750000000000000000
0.4511889219284057617187500000000000000000
0.5613427758216857910156250000000000000000
0.7028703689575195312500000000000000000000
0.8785687088966369628906250000000000000000
1.0907989740371704101562500000000000000000
1.3411109447479248046875000000000000000000
1.6299099922180175781250000000000000000000
1.9561622142791748046875000000000000000000
2.3172147274017333984375000000000000000000
2.7087228298187255859375000000000000000000
3.1247394084930419921875000000000000000000
3.5579407215118408203125000000000000000000
4.0000000000000000000000000000000000000000
3.0000000000000000000000000000000000000000
2.6725895404815673828125000000000000000000
2.3517117500305175781250000000000000000000
2.0435090065002441406250000000000000000000
1.7534121274948120117187500000000000000000
1.4858398437500000000000000000000000000000
1.2440772056579589843750000000000000000000
1.0301671028137207031250000000000000000000
0.8450235128402709960937500000000000000000
0.6885202527046203613281250000000000000000
0.5597776770591735839843750000000000000000
0.4573778510093688964843750000000000000000
0.3797126412391662597656250000000000000000
0.3252249658107757568359375000000000000000
0.2927065491676330566406250000000000000000
0.2814787328243255615234375000000000000000
0.2915575206279754638671875000000000000000
0.3237162828445434570312500000000000000000
0.3794724643230438232421875000000000000000
0.4610062539577484130859375000000000000000
0.5709584951400756835937500000000000000000
0.7122134566307067871093750000000000000000
0.8875412940979003906250000000000000000000
1.0992990732192993164062500000000000000000
1.3490062952041625976562500000000000000000
1.6370697021484375000000000000000000000000
1.9624326229095458984375000000000000000000
2.3224561214447021484375000000000000000000
2.7127921581268310546875000000000000000000
3.1275255680084228515625000000000000000000
3.5593550205230712890625000000000000000000
4.0000000000000000000000000000000000000000
3.0000000000000000000000000000000000000000
2.6748242378234863281250000000000000000000
2.3561372756958007812500000000000000000000
2.0500612258911132812500000000000000000000
1.7619655132293701171875000000000000000000
1.4962719678878784179687500000000000000000
1.2561995983123779296875000000000000000000
1.0438177585601806640625000000000000000000
0.8599829673767089843750000000000000000000
0.7046131491661071777343750000000000000000
0.5767873525619506835937500000000000000000
0.4751372933387756347656250000000000000000
0.3980301022529602050781250000000000000000
0.3439499139785766601562500000000000000000
0.3116764426231384277343750000000000000000
0.3005524873733520507812500000000000000000
0.3105912208557128906250000000000000000000
0.3425620794296264648437500000000000000000
0.3979883790016174316406250000000000000000
0.4790221750736236572265625000000000000000
0.5883222818374633789062500000000000000000
0.7287283539772033691406250000000000000000
0.9030467867851257324218750000000000000000
1.1135857105255126953125000000000000000000
1.3619227409362792968750000000000000000000
1.6484243869781494140625000000000000000000
1.9721090793609619140625000000000000000000
2.3303122520446777343750000000000000000000
2.7187612056732177734375000000000000000000
3.1315288543701171875000000000000000000000
3.5613684654235839843750000000000000000000
4.0000000000000000000000000000000000000000
3.0000000000000000000000000000000000000000
2.6779909133911132812500000000000000000000
2.3624477386474609375000000000000000000000
2.0594294071197509765625000000000000000000
1.7743090391159057617187500000000000000000
1.5114068984985351562500000000000000000000
1.2739667892456054687500000000000000000000
1.0639436244964599609375000000000000000000
0.8822429180145263671875000000000000000000
0.7286837697029113769531250000000000000000
0.6024125814437866210937500000000000000000
0.5019927620887756347656250000000000000000
0.4258589446544647216796875000000000000000
0.3724566400051116943359375000000000000000
0.3406130671501159667968750000000000000000
0.3296548128128051757812500000000000000000
0.3396071791648864746093750000000000000000
0.3712418079376220703125000000000000000000
0.4260545670986175537109375000000000000000
0.5062214136123657226562500000000000000000
0.6143429279327392578125000000000000000000
0.7533145546913146972656250000000000000000
0.9258726835250854492187500000000000000000
1.1344233751296997070312500000000000000000
1.3804839849472045898437500000000000000000
1.6645580530166625976562500000000000000000
1.9856231212615966796875000000000000000000
2.3411619663238525390625000000000000000000
2.7268717288970947265625000000000000000000
3.1369304656982421875000000000000000000000
3.5640566349029541015625000000000000000000
4.0000000000000000000000000000000000000000
3.0000000000000000000000000000000000000000
2.6821956634521484375000000000000000000000
2.3708229064941406250000000000000000000000
2.0719494819641113281250000000000000000000
1.7908393144607543945312500000000000000000
1.5318349599838256835937500000000000000000
1.2980164289474487304687500000000000000000
1.0913808345794677734375000000000000000000
0.9126675128936767578125000000000000000000
0.7617674469947814941406250000000000000000
0.6376986503601074218750000000000000000000
0.5391139984130859375000000000000000000000
0.4643680155277252197265625000000000000000
0.4119852185249328613281250000000000000000
0.3807527124881744384765625000000000000000
0.3700379133224487304687500000000000000000
0.3798552751541137695312500000000000000000
0.4109640121459960937500000000000000000000
0.4648771286010742187500000000000000000000
0.5437085032463073730468750000000000000000
0.6501154899597167968750000000000000000000
0.7869043350219726562500000000000000000000
0.9569269418716430664062500000000000000000
1.1625061035156250000000000000000000000000
1.4053435325622558593750000000000000000000
1.6858899593353271484375000000000000000000
2.0033516883850097656250000000000000000000
2.3551819324493408203125000000000000000000
2.7372763156890869140625000000000000000000
3.1437664031982421875000000000000000000000
3.5674512386322021484375000000000000000000
4.0000000000000000000000000000000000000000
3.0000000000000000000000000000000000000000
2.6874828338623046875000000000000000000000
2.3814201354980468750000000000000000000000
2.0878112316131591796875000000000000000000
1.8119494915008544921875000000000000000000
1.5579915046691894531250000000000000000000
1.3290410041809082031250000000000000000000
1.1268583536148071289062500000000000000000
0.9522374868392944335937500000000000000000
0.8048629164695739746093750000000000000000
0.6838475465774536132812500000000000000000
0.5877042412757873535156250000000000000000
0.5148950815200805664062500000000000000000
0.4638674855232238769531250000000000000000
0.4334867298603057861328125000000000000000
0.4230882823467254638671875000000000000000
0.4327039122581481933593750000000000000000
0.4630946815013885498046875000000000000000
0.5157220959663391113281250000000000000000
0.5927430391311645507812500000000000000000
0.6967134475708007812500000000000000000000
0.8305491805076599121093750000000000000000
0.9969933032989501953125000000000000000000
1.1985733509063720703125000000000000000000
1.4369218349456787109375000000000000000000
1.7127881050109863281250000000000000000000
2.0253641605377197265625000000000000000000
2.3724231719970703125000000000000000000000
2.7498464584350585937500000000000000000000
3.1519627571105957031250000000000000000000
3.5714683532714843750000000000000000000000
4.0000000000000000000000000000000000000000
3.0000000000000000000000000000000000000000
2.6938579082489013671875000000000000000000
2.3942101001739501953125000000000000000000
2.1071295738220214843750000000000000000000
1.8377630710601806640625000000000000000000
1.5902755260467529296875000000000000000000
1.3674759864807128906250000000000000000000
1.1711330413818359375000000000000000000000
1.0017373561859130859375000000000000000000
0.8590418100357055664062500000000000000000
0.7419361472129821777343750000000000000000
0.6490516662597656250000000000000000000000
0.5787196159362792968750000000000000000000
0.5295031070709228515625000000000000000000
0.5002052783966064453125000000000000000000
0.4902213811874389648437500000000000000000
0.4995645284652709960937500000000000000000
0.5289719104766845703125000000000000000000
0.5799252390861511230468750000000000000000
0.6544808149337768554687500000000000000000
0.7552781105041503906250000000000000000000
0.8850997686386108398437500000000000000000
1.0468795299530029296875000000000000000000
1.2430481910705566406250000000000000000000
1.4755718708038330078125000000000000000000
1.7451946735382080078125000000000000000000
2.0515513420104980468750000000000000000000
2.3924744129180908203125000000000000000000
2.7642321586608886718750000000000000000000
3.1611204147338867187500000000000000000000
3.5759155750274658203125000000000000000000
4.0000000000000000000000000000000000000000
3.0000000000000000000000000000000000000000
2.7011661529541015625000000000000000000000
2.4090213775634765625000000000000000000000
2.1296494007110595703125000000000000000000
1.8682465553283691406250000000000000000000
1.6286704540252685546875000000000000000000
1.4136680364608764648437500000000000000000
1.2245910167694091796875000000000000000000
1.0619211196899414062500000000000000000000
0.9250730276107788085937500000000000000000
0.8130279779434204101562500000000000000000
0.7242092490196228027343750000000000000000
0.6570868492126464843750000000000000000000
0.6101201176643371582031250000000000000000
0.5822199583053588867187500000000000000000
0.5727393627166748046875000000000000000000
0.5817118883132934570312500000000000000000
0.6098701953887939453125000000000000000000
0.6586145162582397460937500000000000000000
0.7300466299057006835937500000000000000000
0.8266565203666687011718750000000000000000
0.9513719081878662109375000000000000000000
1.1069896221160888671875000000000000000000
1.2962546348571777343750000000000000000000
1.5211098194122314453125000000000000000000
1.7828187942504882812500000000000000000000
2.0811522006988525390625000000000000000000
2.4145607948303222656250000000000000000000
2.7794651985168457031250000000000000000000
3.1705236434936523437500000000000000000000
3.5803306102752685546875000000000000000000
4.0000000000000000000000000000000000000000
3.0000000000000000000000000000000000000000
2.7090966701507568359375000000000000000000
2.4252507686614990234375000000000000000000
2.1548099517822265625000000000000000000000
1.9027848243713378906250000000000000000000
1.6729161739349365234375000000000000000000
1.4674113988876342773437500000000000000000
1.2874658107757568359375000000000000000000
1.1330599784851074218750000000000000000000
1.0036075115203857421875000000000000000000
0.8977678418159484863281250000000000000000
0.8140909671783447265625000000000000000000
0.7508842945098876953125000000000000000000
0.7067555189132690429687500000000000000000
0.6805469393730163574218750000000000000000
0.6716887950897216796875000000000000000000
0.6801889538764953613281250000000000000000
0.7067391872406005859375000000000000000000
0.7527467012405395507812500000000000000000
0.8201651573181152343750000000000000000000
0.9115641117095947265625000000000000000000
1.0296903848648071289062500000000000000000
1.1775805950164794921875000000000000000000
1.3578982353210449218750000000000000000000
1.5730905532836914062500000000000000000000
1.8245797157287597656250000000000000000000
2.1129312515258789062500000000000000000000
2.4369840621948242187500000000000000000000
2.7939665317535400390625000000000000000000
3.1787266731262207031250000000000000000000
3.5839321613311767578125000000000000000000
4.0000000000000000000000000000000000000000
3.0000000000000000000000000000000000000000
2.7169585227966308593750000000000000000000
2.4418342113494873046875000000000000000000
2.1812829971313476562500000000000000000000
1.9403015375137329101562500000000000000000
1.7220020294189453125000000000000000000000
1.5281982421875000000000000000000000000000
1.3593398332595825195312500000000000000000
1.2152054309844970703125000000000000000000
1.0947121381759643554687500000000000000000
0.9965692162513732910156250000000000000000
0.9190767407417297363281250000000000000000
0.8607066869735717773437500000000000000000
0.8199660778045654296875000000000000000000
0.7958341836929321289062500000000000000000
0.7877018451690673828125000000000000000000
0.7955971956253051757812500000000000000000
0.8201910257339477539062500000000000000000
0.8627697825431823730468750000000000000000
0.9253003597259521484375000000000000000000
1.0101402997970581054687500000000000000000
1.1201653480529785156250000000000000000000
1.2582420110702514648437500000000000000000
1.4274213314056396484375000000000000000000
1.6302316188812255859375000000000000000000
1.8689059019088745117187500000000000000000
2.1445353031158447265625000000000000000000
2.4571862220764160156250000000000000000000
2.8048763275146484375000000000000000000000
3.1833860874176025390625000000000000000000
3.5852706432342529296875000000000000000000
4.0000000000000000000000000000000000000000
3.0000000000000000000000000000000000000000
2.7235393524169921875000000000000000000000
2.4567184448242187500000000000000000000000
2.2069361209869384765625000000000000000000
1.9787006378173828125000000000000000000000
1.7744024991989135742187500000000000000000
1.5947099924087524414062500000000000000000
1.4394803047180175781250000000000000000000
1.3077034950256347656250000000000000000000
1.1981606483459472656250000000000000000000
1.1091761589050292968750000000000000000000
1.0391837358474731445312500000000000000000
0.9865111708641052246093750000000000000000
0.9498528242111206054687500000000000000000
0.9281433820724487304687500000000000000000
0.9208693504333496093750000000000000000000
0.9280292987823486328125000000000000000000
0.9502292275428771972656250000000000000000
0.9887214899063110351562500000000000000000
1.0452597141265869140625000000000000000000
1.1222161054611206054687500000000000000000
1.2222080230712890625000000000000000000000
1.3483035564422607421875000000000000000000
1.5034693479537963867187500000000000000000
1.6908601522445678710937500000000000000000
1.9131385087966918945312500000000000000000
2.1727409362792968750000000000000000000000
2.4709703922271728515625000000000000000000
2.8078136444091796875000000000000000000000
3.1803965568542480468750000000000000000000
3.5818791389465332031250000000000000000000
4.0000000000000000000000000000000000000000
3.0000000000000000000000000000000000000000
2.7265138626098632812500000000000000000000
2.4664673805236816406250000000000000000000
2.2281117439270019531250000000000000000000
2.0149767398834228515625000000000000000000
1.8275789022445678710937500000000000000000
1.6652104854583740234375000000000000000000
1.5263907909393310546875000000000000000000
1.4095946550369262695312500000000000000000
1.3129978179931640625000000000000000000000
1.2349537611007690429687500000000000000000
1.1736929416656494140625000000000000000000
1.1277573108673095703125000000000000000000
1.0958006381988525390625000000000000000000
1.0769329071044921875000000000000000000000
1.0706263780593872070312500000000000000000
1.0768969058990478515625000000000000000000
1.0963013172149658203125000000000000000000
1.1299178600311279296875000000000000000000
1.1794290542602539062500000000000000000000
1.2468976974487304687500000000000000000000
1.3349477052688598632812500000000000000000
1.4463747739791870117187500000000000000000
1.5844507217407226562500000000000000000000
1.7524468898773193359375000000000000000000
1.9540547132492065429687500000000000000000
2.1928389072418212890625000000000000000000
2.4724915027618408203125000000000000000000
2.7957029342651367187500000000000000000000
3.1629683971405029296875000000000000000000
3.5691919326782226562500000000000000000000
4.0000000000000000000000000000000000000000
3.0000000000000000000000000000000000000000
2.7214295864105224609375000000000000000000
2.4649612903594970703125000000000000000000
2.2392988204956054687500000000000000000000
2.0446724891662597656250000000000000000000
1.8784050941467285156250000000000000000000
1.7372188568115234375000000000000000000000
1.6183384656906127929687500000000000000000
1.5192508697509765625000000000000000000000
1.4379563331604003906250000000000000000000
1.3725304603576660156250000000000000000000
1.3214159011840820312500000000000000000000
1.2831323146820068359375000000000000000000
1.2565853595733642578125000000000000000000
1.2409117221832275390625000000000000000000
1.2357006072998046875000000000000000000000
1.2409422397613525390625000000000000000000
1.2570986747741699218750000000000000000000
1.2851407527923583984375000000000000000000
1.3264501094818115234375000000000000000000
1.3829486370086669921875000000000000000000
1.4568529129028320312500000000000000000000
1.5509333610534667968750000000000000000000
1.6682024002075195312500000000000000000000
1.8123673200607299804687500000000000000000
1.9875988960266113281250000000000000000000
2.1992115974426269531250000000000000000000
2.4534881114959716796875000000000000000000
2.7579154968261718750000000000000000000000
3.1192054748535156250000000000000000000000
3.5384359359741210937500000000000000000000
4.0000000000000000000000000000000000000000
3.0000000000000000000000000000000000000000
2.6987261772155761718750000000000000000000
2.4415056705474853515625000000000000000000
2.2321531772613525390625000000000000000000
2.0622792243957519531250000000000000000000
1.9231016635894775390625000000000000000000
1.8082287311553955078125000000000000000000
1.7131735086441040039062500000000000000000
1.6349339485168457031250000000000000000000
1.5711760520935058593750000000000000000000
1.5201849937438964843750000000000000000000
1.4804372787475585937500000000000000000000
1.4507801532745361328125000000000000000000
1.4302191734313964843750000000000000000000
1.4181160926818847656250000000000000000000
1.4140970706939697265625000000000000000000
1.4181663990020751953125000000000000000000
1.4306999444961547851562500000000000000000
1.4524347782135009765625000000000000000000
1.4845428466796875000000000000000000000000
1.5285001993179321289062500000000000000000
1.5862619876861572265625000000000000000000
1.6600697040557861328125000000000000000000
1.7528026103973388671875000000000000000000
1.8678848743438720703125000000000000000000
2.0100100040435791015625000000000000000000
2.1855123043060302734375000000000000000000
2.4038221836090087890625000000000000000000
2.6785342693328857421875000000000000000000
3.0281720161437988281250000000000000000000
3.4707565307617187500000000000000000000000
4.0000000000000000000000000000000000000000
3.0000000000000000000000000000000000000000
2.6355009078979492187500000000000000000000
2.3770303726196289062500000000000000000000
2.1955392360687255859375000000000000000000
2.0617852210998535156250000000000000000000
1.9584367275238037109375000000000000000000
1.8759517669677734375000000000000000000000
1.8090920448303222656250000000000000000000
1.7546706199645996093750000000000000000000
1.7106925249099731445312500000000000000000
1.6756461858749389648437500000000000000000
1.6484463214874267578125000000000000000000
1.6281648874282836914062500000000000000000
1.6141452789306640625000000000000000000000
1.6058886051177978515625000000000000000000
1.6031577587127685546875000000000000000000
1.6059439182281494140625000000000000000000
1.6145001649856567382812500000000000000000
1.6293666362762451171875000000000000000000
1.6513230800628662109375000000000000000000
1.6814801692962646484375000000000000000000
1.7211725711822509765625000000000000000000
1.7721614837646484375000000000000000000000
1.8365687131881713867187500000000000000000
1.9173433780670166015625000000000000000000
2.0185678005218505859375000000000000000000
2.1467654705047607421875000000000000000000
2.3127951622009277343750000000000000000000
2.5362224578857421875000000000000000000000
2.8524188995361328125000000000000000000000
3.3206670284271240234375000000000000000000
4.0000000000000000000000000000000000000000
3.0000000000000000000000000000000000000000
2.4686470031738281250000000000000000000000
2.2403202056884765625000000000000000000000
2.1179943084716796875000000000000000000000
2.0396151542663574218750000000000000000000
1.9830832481384277343750000000000000000000
1.9395085573196411132812500000000000000000
1.9047863483428955078125000000000000000000
1.8768186569213867187500000000000000000000
1.8543218374252319335937500000000000000000
1.8364753723144531250000000000000000000000
1.8226364850997924804687500000000000000000
1.8123468160629272460937500000000000000000
1.8052297830581665039062500000000000000000
1.8010481595993041992187500000000000000000
1.7996647357940673828125000000000000000000
1.8010792732238769531250000000000000000000
1.8054254055023193359375000000000000000000
1.8129680156707763671875000000000000000000
1.8241328001022338867187500000000000000000
1.8394663333892822265625000000000000000000
1.8597126007080078125000000000000000000000
1.8857681751251220703125000000000000000000
1.9188621044158935546875000000000000000000
1.9606339931488037109375000000000000000000
2.0136609077453613281250000000000000000000
2.0822517871856689453125000000000000000000
2.1747722625732421875000000000000000000000
2.3092799186706542968750000000000000000000
2.5303025245666503906250000000000000000000
2.9623727798461914062500000000000000000000
4.0000000000000000000000000000000000000000
2.0000000000000000000000000000000000000000
2.0000000000000000000000000000000000000000
2.0000000000000000000000000000000000000000
2.0000000000000000000000000000000000000000
2.0000000000000000000000000000000000000000
2.0000000000000000000000000000000000000000
2.0000000000000000000000000000000000000000
2.0000000000000000000000000000000000000000
2.0000000000000000000000000000000000000000
2.0000000000000000000000000000000000000000
2.0000000000000000000000000000000000000000
2.0000000000000000000000000000000000000000
2.0000000000000000000000000000000000000000
2.0000000000000000000000000000000000000000
2.0000000000000000000000000000000000000000
2.0000000000000000000000000000000000000000
2.0000000000000000000000000000000000000000
2.0000000000000000000000000000000000000000
2.0000000000000000000000000000000000000000
2.0000000000000000000000000000000000000000
2.0000000000000000000000000000000000000000
2.0000000000000000000000000000000000000000
2.0000000000000000000000000000000000000000
2.0000000000000000000000000000000000000000
2.0000000000000000000000000000000000000000
2.0000000000000000000000000000000000000000
2.0000000000000000000000000000000000000000
2.0000000000000000000000000000000000000000
2.0000000000000000000000000000000000000000
2.0000000000000000000000000000000000000000
2.0000000000000000000000000000000000000000
2.0000000000000000000000000000000000000000
