1.0000000000000000000000000000000000000000
1.0000000000000000000000000000000000000000
1.0000000000000000000000000000000000000000
1.0000000000000000000000000000000000000000
1.0000000000000000000000000000000000000000
1.0000000000000000000000000000000000000000
1.0000000000000000000000000000000000000000
1.0000000000000000000000000000000000000000
1.0000000000000000000000000000000000000000
1.0000000000000000000000000000000000000000
3.0000000000000000000000000000000000000000
1.7786426544189453125000000000000000000000
1.2095680236816406250000000000000000000000
0.9231090545654296875000000000000000000000
0.8092861175537109375000000000000000000000
0.8328952789306640625000000000000000000000
1.0094518661499023437500000000000000000000
1.4138565063476562500000000000000000000000
2.2230005264282226562500000000000000000000
4.0000000000000000000000000000000000000000
3.0000000000000000000000000000000000000000
1.9812698364257812500000000000000000000000
1.2563667297363281250000000000000000000000
0.8232250213623046875000000000000000000000
0.6350746154785156250000000000000000000000
0.6738586425781250000000000000000000000000
0.9642591476440429687500000000000000000000
1.5674018859863281250000000000000000000000
2.5724544525146484375000000000000000000000
4.0000000000000000000000000000000000000000
3.0000000000000000000000000000000000000000
2.0182857513427734375000000000000000000000
1.2391738891601562500000000000000000000000
0.7338275909423828125000000000000000000000
0.5095481872558593750000000000000000000000
0.5568065643310546875000000000000000000000
0.9004259109497070312500000000000000000000
1.5964088439941406250000000000000000000000
2.6584272384643554687500000000000000000000
4.0000000000000000000000000000000000000000
3.0000000000000000000000000000000000000000
2.0263023376464843750000000000000000000000
1.2276382446289062500000000000000000000000
0.6991329193115234375000000000000000000000
0.4594459533691406250000000000000000000000
0.5093669891357421875000000000000000000000
0.8756170272827148437500000000000000000000
1.6002063751220703125000000000000000000000
2.6815614700317382812500000000000000000000
4.0000000000000000000000000000000000000000
3.0000000000000000000000000000000000000000
2.0499114990234375000000000000000000000000
1.2664222717285156250000000000000000000000
0.7463912963867187500000000000000000000000
0.5093669891357421875000000000000000000000
0.5592880249023437500000000000000000000000
0.9228754043579101562500000000000000000000
1.6389904022216796875000000000000000000000
2.7051706314086914062500000000000000000000
4.0000000000000000000000000000000000000000
3.0000000000000000000000000000000000000000
2.1046285629272460937500000000000000000000
1.3802080154418945312500000000000000000000
0.9004259109497070312500000000000000000000
0.6860322952270507812500000000000000000000
0.7332906723022460937500000000000000000000
1.0670242309570312500000000000000000000000
1.7374429702758789062500000000000000000000
2.7447700500488281250000000000000000000000
4.0000000000000000000000000000000000000000
3.0000000000000000000000000000000000000000
2.1855583190917968750000000000000000000000
1.5674018859863281250000000000000000000000
1.1804599761962890625000000000000000000000
1.0076427459716796875000000000000000000000
1.0464267730712890625000000000000000000000
1.3214941024780273437500000000000000000000
1.8784370422363281250000000000000000000000
2.7767429351806640625000000000000000000000
4.0000000000000000000000000000000000000000
3.0000000000000000000000000000000000000000
2.2230005264282226562500000000000000000000
1.8007526397705078125000000000000000000000
1.5632505416870117187500000000000000000000
1.4645452499389648437500000000000000000000
1.4881544113159179687500000000000000000000
1.6495933532714843750000000000000000000000
2.0050411224365234375000000000000000000000
2.6673583984375000000000000000000000000000
4.0000000000000000000000000000000000000000
2.0000000000000000000000000000000000000000
2.0000000000000000000000000000000000000000
2.0000000000000000000000000000000000000000
2.0000000000000000000000000000000000000000
2.0000000000000000000000000000000000000000
2.0000000000000000000000000000000000000000
2.0000000000000000000000000000000000000000
2.0000000000000000000000000000000000000000
2.0000000000000000000000000000000000000000
2.0000000000000000000000000000000000000000
