1.0000000000000000000000000000000000000000
1.0000000000000000000000000000000000000000
1.0000000000000000000000000000000000000000
1.0000000000000000000000000000000000000000
1.0000000000000000000000000000000000000000
1.0000000000000000000000000000000000000000
1.0000000000000000000000000000000000000000
1.0000000000000000000000000000000000000000
1.0000000000000000000000000000000000000000
1.0000000000000000000000000000000000000000
3.0000000000000000000000000000000000000000
1.9689563512802124023437500000000000000000
1.6313159465789794921875000000000000000000
1.5048544406890869140625000000000000000000
1.4736945629119873046875000000000000000000
1.5099847316741943359375000000000000000000
1.6223037242889404296875000000000000000000
1.8633358478546142578125000000000000000000
2.4133417606353759765625000000000000000000
4.0000000000000000000000000000000000000000
3.0000000000000000000000000000000000000000
2.4407064914703369140625000000000000000000
2.0914304256439208984375000000000000000000
1.9253860712051391601562500000000000000000
1.8850600719451904296875000000000000000000
1.9500385522842407226562500000000000000000
2.1316170692443847656250000000000000000000
2.4772760868072509765625000000000000000000
3.0841512680053710937500000000000000000000
4.0000000000000000000000000000000000000000
3.0000000000000000000000000000000000000000
2.6419048309326171875000000000000000000000
2.3743815422058105468750000000000000000000
2.2271127700805664062500000000000000000000
2.1963636875152587890625000000000000000000
2.2794375419616699218750000000000000000000
2.4861280918121337890625000000000000000000
2.8384604454040527343750000000000000000000
3.3548736572265625000000000000000000000000
4.0000000000000000000000000000000000000000
3.0000000000000000000000000000000000000000
2.7387535572052001953125000000000000000000
2.5322885513305664062500000000000000000000
2.4137101173400878906250000000000000000000
2.3966267108917236328125000000000000000000
2.4880435466766357421875000000000000000000
2.6960132122039794921875000000000000000000
3.0275988578796386718750000000000000000000
3.4757850170135498046875000000000000000000
4.0000000000000000000000000000000000000000
3.0000000000000000000000000000000000000000
2.7764735221862792968750000000000000000000
2.5991492271423339843750000000000000000000
2.4984164237976074218750000000000000000000
2.4893856048583984375000000000000000000000
2.5808026790618896484375000000000000000000
2.7807192802429199218750000000000000000000
3.0944600105285644531250000000000000000000
3.5135047435760498046875000000000000000000
4.0000000000000000000000000000000000000000
3.0000000000000000000000000000000000000000
2.7649226188659667968750000000000000000000
2.5870065689086914062500000000000000000000
2.4909820556640625000000000000000000000000
2.4823536872863769531250000000000000000000
2.5654273033142089843750000000000000000000
2.7499966621398925781250000000000000000000
3.0510847568511962890625000000000000000000
3.4778912067413330078125000000000000000000
4.0000000000000000000000000000000000000000
3.0000000000000000000000000000000000000000
2.6890254020690917968750000000000000000000
2.4902734756469726562500000000000000000000
2.3967690467834472656250000000000000000000
2.3851561546325683593750000000000000000000
2.4501347541809082031250000000000000000000
2.6029996871948242187500000000000000000000
2.8761191368103027343750000000000000000000
3.3324704170227050781250000000000000000000
4.0000000000000000000000000000000000000000
3.0000000000000000000000000000000000000000
2.4705500602722167968750000000000000000000
2.2912535667419433593750000000000000000000
2.2241799831390380859375000000000000000000
2.2142674922943115234375000000000000000000
2.2505576610565185546875000000000000000000
2.3416295051574707031250000000000000000000
2.5232732295989990234375000000000000000000
2.9149348735809326171875000000000000000000
4.0000000000000000000000000000000000000000
2.0000000000000000000000000000000000000000
2.0000000000000000000000000000000000000000
2.0000000000000000000000000000000000000000
2.0000000000000000000000000000000000000000
2.0000000000000000000000000000000000000000
2.0000000000000000000000000000000000000000
2.0000000000000000000000000000000000000000
2.0000000000000000000000000000000000000000
2.0000000000000000000000000000000000000000
2.0000000000000000000000000000000000000000
