1.0000000000000000000000000000000000000000
1.0000000000000000000000000000000000000000
1.0000000000000000000000000000000000000000
1.0000000000000000000000000000000000000000
1.0000000000000000000000000000000000000000
1.0000000000000000000000000000000000000000
1.0000000000000000000000000000000000000000
1.0000000000000000000000000000000000000000
1.0000000000000000000000000000000000000000
1.0000000000000000000000000000000000000000
1.0000000000000000000000000000000000000000
1.0000000000000000000000000000000000000000
1.0000000000000000000000000000000000000000
1.0000000000000000000000000000000000000000
1.0000000000000000000000000000000000000000
1.0000000000000000000000000000000000000000
1.0000000000000000000000000000000000000000
1.0000000000000000000000000000000000000000
1.0000000000000000000000000000000000000000
1.0000000000000000000000000000000000000000
1.0000000000000000000000000000000000000000
1.0000000000000000000000000000000000000000
1.0000000000000000000000000000000000000000
1.0000000000000000000000000000000000000000
1.0000000000000000000000000000000000000000
1.0000000000000000000000000000000000000000
1.0000000000000000000000000000000000000000
1.0000000000000000000000000000000000000000
1.0000000000000000000000000000000000000000
1.0000000000000000000000000000000000000000
1.0000000000000000000000000000000000000000
1.0000000000000000000000000000000000000000
1.0000000000000000000000000000000000000000
1.0000000000000000000000000000000000000000
1.0000000000000000000000000000000000000000
1.0000000000000000000000000000000000000000
1.0000000000000000000000000000000000000000
1.0000000000000000000000000000000000000000
1.0000000000000000000000000000000000000000
1.0000000000000000000000000000000000000000
1.0000000000000000000000000000000000000000
1.0000000000000000000000000000000000000000
1.0000000000000000000000000000000000000000
1.0000000000000000000000000000000000000000
1.0000000000000000000000000000000000000000
1.0000000000000000000000000000000000000000
1.0000000000000000000000000000000000000000
1.0000000000000000000000000000000000000000
1.0000000000000000000000000000000000000000
1.0000000000000000000000000000000000000000
1.0000000000000000000000000000000000000000
1.0000000000000000000000000000000000000000
1.0000000000000000000000000000000000000000
1.0000000000000000000000000000000000000000
1.0000000000000000000000000000000000000000
1.0000000000000000000000000000000000000000
1.0000000000000000000000000000000000000000
1.0000000000000000000000000000000000000000
1.0000000000000000000000000000000000000000
1.0000000000000000000000000000000000000000
1.0000000000000000000000000000000000000000
1.0000000000000000000000000000000000000000
1.0000000000000000000000000000000000000000
1.0000000000000000000000000000000000000000
3.0000000000000000000000000000000000000000
3.0000000000000000000000000000000000000000
1.9230768680572509765625000000000000000000
1.5917159318923950195312500000000000000000
1.3240782022476196289062500000000000000000
1.1907495260238647460937500000000000000000
1.1085503101348876953125000000000000000000
1.0627461671829223632812500000000000000000
1.0360064506530761718750000000000000000000
1.0207321643829345703125000000000000000000
1.0119185447692871093750000000000000000000
1.0068567991256713867187500000000000000000
1.0039287805557250976562500000000000000000
1.0021830797195434570312500000000000000000
1.0010694265365600585937500000000000000000
1.0003354549407958984375000000000000000000
0.9998909831047058105468750000000000000000
0.9996709227561950683593750000000000000000
0.9995883107185363769531250000000000000000
0.9995659589767456054687500000000000000000
0.9995619058609008789062500000000000000000
0.9995613694190979003906250000000000000000
0.9995613694190979003906250000000000000000
0.9995613694190979003906250000000000000000
0.9995613694190979003906250000000000000000
0.9995613694190979003906250000000000000000
0.9995613694190979003906250000000000000000
0.9995613694190979003906250000000000000000
0.9995613694190979003906250000000000000000
0.9995613694190979003906250000000000000000
0.9995613694190979003906250000000000000000
0.9995613694190979003906250000000000000000
3.0000000000000000000000000000000000000000
3.0000000000000000000000000000000000000000
2.3609466552734375000000000000000000000000
1.9795174598693847656250000000000000000000
1.6559994220733642578125000000000000000000
1.4361622333526611328125000000000000000000
1.2831999063491821289062500000000000000000
1.1818968057632446289062500000000000000000
1.1154429912567138671875000000000000000000
1.0726538896560668945312500000000000000000
1.0453774929046630859375000000000000000000
1.0280201435089111328125000000000000000000
1.0165547132492065429687500000000000000000
1.0084233283996582031250000000000000000000
1.0025889873504638671875000000000000000000
0.9988606572151184082031250000000000000000
0.9969380497932434082031250000000000000000
0.9961801767349243164062500000000000000000
0.9959592819213867187500000000000000000000
0.9959133863449096679687500000000000000000
0.9959068894386291503906250000000000000000
0.9959064126014709472656250000000000000000
0.9959064126014709472656250000000000000000
0.9959064126014709472656250000000000000000
0.9959064126014709472656250000000000000000
0.9959064126014709472656250000000000000000
0.9959064126014709472656250000000000000000
0.9959064126014709472656250000000000000000
0.9959064126014709472656250000000000000000
0.9959064126014709472656250000000000000000
0.9959064126014709472656250000000000000000
0.9959064126014709472656250000000000000000
3.0000000000000000000000000000000000000000
3.0000000000000000000000000000000000000000
2.6376876831054687500000000000000000000000
2.3087077140808105468750000000000000000000
1.9816828966140747070312500000000000000000
1.7174072265625000000000000000000000000000
1.5091582536697387695312500000000000000000
1.3544405698776245117187500000000000000000
1.2424430847167968750000000000000000000000
1.1635520458221435546875000000000000000000
1.1083490848541259765625000000000000000000
1.0681551694869995117187500000000000000000
1.0367382764816284179687500000000000000000
1.0122877359390258789062500000000000000000
0.9955714941024780273437500000000000000000
0.9863462448120117187500000000000000000000
0.9823977947235107421875000000000000000000
0.9811131954193115234375000000000000000000
0.9808007478713989257812500000000000000000
0.9807451963424682617187500000000000000000
0.9807382822036743164062500000000000000000
0.9807377457618713378906250000000000000000
0.9807377457618713378906250000000000000000
0.9807377457618713378906250000000000000000
0.9807377457618713378906250000000000000000
0.9807377457618713378906250000000000000000
0.9807377457618713378906250000000000000000
0.9807377457618713378906250000000000000000
0.9807377457618713378906250000000000000000
0.9807377457618713378906250000000000000000
0.9807377457618713378906250000000000000000
0.9807377457618713378906250000000000000000
3.0000000000000000000000000000000000000000
3.0000000000000000000000000000000000000000
2.7902033329010009765625000000000000000000
2.5378744602203369140625000000000000000000
2.2522571086883544921875000000000000000000
1.9852626323699951171875000000000000000000
1.7512313127517700195312500000000000000000
1.5589357614517211914062500000000000000000
1.4071772098541259765625000000000000000000
1.2896708250045776367187500000000000000000
1.1950359344482421875000000000000000000000
1.1134037971496582031250000000000000000000
1.0439331531524658203125000000000000000000
0.9923350811004638671875000000000000000000
0.9613069295883178710937500000000000000000
0.9466473460197448730468750000000000000000
0.9412558674812316894531250000000000000000
0.9397169351577758789062500000000000000000
0.9393777251243591308593750000000000000000
0.9393209218978881835937500000000000000000
0.9393139481544494628906250000000000000000
0.9393133521080017089843750000000000000000
0.9393133521080017089843750000000000000000
0.9393133521080017089843750000000000000000
0.9393133521080017089843750000000000000000
0.9393133521080017089843750000000000000000
0.9393133521080017089843750000000000000000
0.9393133521080017089843750000000000000000
0.9393133521080017089843750000000000000000
0.9393133521080017089843750000000000000000
0.9393133521080017089843750000000000000000
0.9393133521080017089843750000000000000000
3.0000000000000000000000000000000000000000
3.0000000000000000000000000000000000000000
2.8797068595886230468750000000000000000000
2.6983032226562500000000000000000000000000
2.4663767814636230468750000000000000000000
2.2223258018493652343750000000000000000000
1.9869662523269653320312500000000000000000
1.7760287523269653320312500000000000000000
1.5931265354156494140625000000000000000000
1.4293701648712158203125000000000000000000
1.2725428342819213867187500000000000000000
1.1250565052032470703125000000000000000000
1.0044115781784057617187500000000000000000
0.9242407083511352539062500000000000000000
0.8818888068199157714843750000000000000000
0.8641152977943420410156250000000000000000
0.8581570386886596679687500000000000000000
0.8565565347671508789062500000000000000000
0.8562142848968505859375000000000000000000
0.8561574220657348632812500000000000000000
0.8561505675315856933593750000000000000000
0.8561500310897827148437500000000000000000
0.8561499714851379394531250000000000000000
0.8561499714851379394531250000000000000000
0.8561499714851379394531250000000000000000
0.8561499714851379394531250000000000000000
0.8561499714851379394531250000000000000000
0.8561499714851379394531250000000000000000
0.8561499714851379394531250000000000000000
0.8561499714851379394531250000000000000000
0.8561499714851379394531250000000000000000
0.8561499714851379394531250000000000000000
3.0000000000000000000000000000000000000000
3.0000000000000000000000000000000000000000
2.9307103157043457031250000000000000000000
2.8055009841918945312500000000000000000000
2.6270575523376464843750000000000000000000
2.4188797473907470703125000000000000000000
2.2001760005950927734375000000000000000000
1.9845765829086303710937500000000000000000
1.7677178382873535156250000000000000000000
1.5350073575973510742187500000000000000000
1.2901543378829956054687500000000000000000
1.0665234327316284179687500000000000000000
0.9001416563987731933593750000000000000000
0.8008060455322265625000000000000000000000
0.7529407739639282226562500000000000000000
0.7341263890266418457031250000000000000000
0.7280519008636474609375000000000000000000
0.7264455556869506835937500000000000000000
0.7261033654212951660156250000000000000000
0.7260465025901794433593750000000000000000
0.7260395884513854980468750000000000000000
0.7260390520095825195312500000000000000000
0.7260389924049377441406250000000000000000
0.7260389924049377441406250000000000000000
0.7260389924049377441406250000000000000000
0.7260389924049377441406250000000000000000
0.7260389924049377441406250000000000000000
0.7260389924049377441406250000000000000000
0.7260389924049377441406250000000000000000
0.7260389924049377441406250000000000000000
0.7260389924049377441406250000000000000000
0.7260389924049377441406250000000000000000
3.0000000000000000000000000000000000000000
3.0000000000000000000000000000000000000000
2.9601733684539794921875000000000000000000
2.8761548995971679687500000000000000000000
2.7439577579498291015625000000000000000000
2.5750284194946289062500000000000000000000
2.3801238536834716796875000000000000000000
2.1566674709320068359375000000000000000000
1.8844977617263793945312500000000000000000
1.5594550371170043945312500000000000000000
1.2230752706527709960937500000000000000000
0.9392626881599426269531250000000000000000
0.7458890676498413085937500000000000000000
0.6383504271507263183593750000000000000000
0.5888622999191284179687500000000000000000
0.5698584914207458496093750000000000000000
0.5637740492820739746093750000000000000000
0.5621677637100219726562500000000000000000
0.5618255138397216796875000000000000000000
0.5617687106132507324218750000000000000000
0.5617617964744567871093750000000000000000
0.5617612004280090332031250000000000000000
0.5617612004280090332031250000000000000000
0.5617612004280090332031250000000000000000
0.5617612004280090332031250000000000000000
0.5617612004280090332031250000000000000000
0.5617612004280090332031250000000000000000
0.5617612004280090332031250000000000000000
0.5617612004280090332031250000000000000000
0.5617612004280090332031250000000000000000
0.5617612004280090332031250000000000000000
0.5617612004280090332031250000000000000000
3.0000000000000000000000000000000000000000
3.0000000000000000000000000000000000000000
2.9770855903625488281250000000000000000000
2.9218568801879882812500000000000000000000
2.8267462253570556640625000000000000000000
2.6930544376373291015625000000000000000000
2.5137710571289062500000000000000000000000
2.2616896629333496093750000000000000000000
1.9138312339782714843750000000000000000000
1.4991283416748046875000000000000000000000
1.0968650579452514648437500000000000000000
0.7809706330299377441406250000000000000000
0.5771818161010742187500000000000000000000
0.4674665033817291259765625000000000000000
0.4177127182483673095703125000000000000000
0.3986945152282714843750000000000000000000
0.3926101922988891601562500000000000000000
0.3910038173198699951171875000000000000000
0.3906615972518920898437500000000000000000
0.3906047940254211425781250000000000000000
0.3905978500843048095703125000000000000000
0.3905973136425018310546875000000000000000
0.3905972838401794433593750000000000000000
0.3905972838401794433593750000000000000000
0.3905972838401794433593750000000000000000
0.3905972838401794433593750000000000000000
0.3905972838401794433593750000000000000000
0.3905972838401794433593750000000000000000
0.3905972838401794433593750000000000000000
0.3905972838401794433593750000000000000000
0.3905972838401794433593750000000000000000
0.3905972838401794433593750000000000000000
3.0000000000000000000000000000000000000000
3.0000000000000000000000000000000000000000
2.9868223667144775390625000000000000000000
2.9510855674743652343750000000000000000000
2.8835527896881103515625000000000000000000
2.7734172344207763671875000000000000000000
2.5899252891540527343750000000000000000000
2.2907140254974365234375000000000000000000
1.8714463710784912109375000000000000000000
1.3964639902114868164062500000000000000000
0.9617947936058044433593750000000000000000
0.6345320343971252441406250000000000000000
0.4282101988792419433593750000000000000000
0.3181677460670471191406250000000000000000
0.2683952748775482177734375000000000000000
0.2493770718574523925781250000000000000000
0.2432926744222640991210937500000000000000
0.2416863739490509033203125000000000000000
0.2413441389799118041992187500000000000000
0.2412873357534408569335937500000000000000
0.2412803918123245239257812500000000000000
0.2412798255681991577148437500000000000000
0.2412798255681991577148437500000000000000
0.2412798255681991577148437500000000000000
0.2412798255681991577148437500000000000000
0.2412798255681991577148437500000000000000
0.2412798255681991577148437500000000000000
0.2412798255681991577148437500000000000000
0.2412798255681991577148437500000000000000
0.2412798255681991577148437500000000000000
0.2412798255681991577148437500000000000000
0.2412798255681991577148437500000000000000
3.0000000000000000000000000000000000000000
3.0000000000000000000000000000000000000000
2.9924199581146240234375000000000000000000
2.9694352149963378906250000000000000000000
2.9194653034210205078125000000000000000000
2.8168978691101074218750000000000000000000
2.6128964424133300781250000000000000000000
2.2680842876434326171875000000000000000000
1.8028749227523803710937500000000000000000
1.3000540733337402343750000000000000000000
0.8546776175498962402343750000000000000000
0.5248429775238037109375000000000000000000
0.3181677460670471191406250000000000000000
0.2081041187047958374023437500000000000000
0.1583316177129745483398437500000000000000
0.1393133997917175292968750000000000000000
0.1332290321588516235351562500000000000000
0.1316227316856384277343750000000000000000
0.1312804967164993286132812500000000000000
0.1312236636877059936523437500000000000000
0.1312167495489120483398437500000000000000
0.1312161833047866821289062500000000000000
0.1312161535024642944335937500000000000000
0.1312161535024642944335937500000000000000
0.1312161535024642944335937500000000000000
0.1312161535024642944335937500000000000000
0.1312161535024642944335937500000000000000
0.1312161535024642944335937500000000000000
0.1312161535024642944335937500000000000000
0.1312161535024642944335937500000000000000
0.1312161535024642944335937500000000000000
0.1312161535024642944335937500000000000000
3.0000000000000000000000000000000000000000
3.0000000000000000000000000000000000000000
2.9956257343292236328125000000000000000000
2.9803042411804199218750000000000000000000
2.9381690025329589843750000000000000000000
2.8310165405273437500000000000000000000000
2.6044251918792724609375000000000000000000
2.2307739257812500000000000000000000000000
1.7453055381774902343750000000000000000000
1.2337913513183593750000000000000000000000
0.7861372232437133789062500000000000000000
0.4559656977653503417968750000000000000000
0.2492688000202178955078125000000000000000
0.1392051577568054199218750000000000000000
0.0894326642155647277832031250000000000000
0.0704144537448883056640625000000000000000
0.0643300861120223999023437500000000000000
0.0627237781882286071777343750000000000000
0.0623815394937992095947265625000000000000
0.0623247176408767700195312500000000000000
0.0623177811503410339355468750000000000000
0.0623172260820865631103515625000000000000
0.0623172000050544738769531250000000000000
0.0623172000050544738769531250000000000000
0.0623172000050544738769531250000000000000
0.0623172000050544738769531250000000000000
0.0623172000050544738769531250000000000000
0.0623172000050544738769531250000000000000
0.0623172000050544738769531250000000000000
0.0623172000050544738769531250000000000000
0.0623172000050544738769531250000000000000
0.0623172000050544738769531250000000000000
3.0000000000000000000000000000000000000000
3.0000000000000000000000000000000000000000
2.9974012374877929687500000000000000000000
2.9858157634735107421875000000000000000000
2.9446294307708740234375000000000000000000
2.8293790817260742187500000000000000000000
2.5882031917572021484375000000000000000000
2.2021968364715576171875000000000000000000
1.7106779813766479492187500000000000000000
1.1974054574966430664062500000000000000000
0.7494687438011169433593750000000000000000
0.4192777872085571289062500000000000000000
0.2125809192657470703125000000000000000000
0.1025172621011734008789062500000000000000
0.0527447797358036041259765625000000000000
0.0337265655398368835449218750000000000000
0.0276421997696161270141601562500000000000
0.0260358937084674835205078125000000000000
0.0256936550140380859375000000000000000000
0.0256368312984704971313476562500000000000
0.0256298985332250595092773437500000000000
0.0256293416023254394531250000000000000000
0.0256293192505836486816406250000000000000
0.0256293192505836486816406250000000000000
0.0256293192505836486816406250000000000000
0.0256293192505836486816406250000000000000
0.0256293192505836486816406250000000000000
0.0256293192505836486816406250000000000000
0.0256293192505836486816406250000000000000
0.0256293192505836486816406250000000000000
0.0256293192505836486816406250000000000000
0.0256293192505836486816406250000000000000
3.0000000000000000000000000000000000000000
3.0000000000000000000000000000000000000000
2.9982833862304687500000000000000000000000
2.9878311157226562500000000000000000000000
2.9449086189270019531250000000000000000000
2.8239557743072509765625000000000000000000
2.5765864849090576171875000000000000000000
2.1870038509368896484375000000000000000000
1.6943110227584838867187500000000000000000
1.1808302402496337890625000000000000000000
0.7328778505325317382812500000000000000000
0.4026869237422943115234375000000000000000
0.1959900856018066406250000000000000000000
0.0859264284372329711914062500000000000000
0.0361539497971534729003906250000000000000
0.0171357356011867523193359375000000000000
0.0110513707622885704040527343750000000000
0.0094450628384947776794433593750000000000
0.0091028250753879547119140625000000000000
0.0090460032224655151367187500000000000000
0.0090390676632523536682128906250000000000
0.0090385098010301589965820312500000000000
0.0090384874492883682250976562500000000000
0.0090384874492883682250976562500000000000
0.0090384874492883682250976562500000000000
0.0090384874492883682250976562500000000000
0.0090384874492883682250976562500000000000
0.0090384874492883682250976562500000000000
0.0090384874492883682250976562500000000000
0.0090384874492883682250976562500000000000
0.0090384874492883682250976562500000000000
0.0090384874492883682250976562500000000000
3.0000000000000000000000000000000000000000
3.0000000000000000000000000000000000000000
2.9986276626586914062500000000000000000000
2.9881291389465332031250000000000000000000
2.9436204433441162109375000000000000000000
2.8201940059661865234375000000000000000000
2.5710642337799072265625000000000000000000
2.1808092594146728515625000000000000000000
1.6879825592041015625000000000000000000000
1.1744908094406127929687500000000000000000
0.7265384197235107421875000000000000000000
0.3963474929332733154296875000000000000000
0.1896506696939468383789062500000000000000
0.0795870348811149597167968750000000000000
0.0298145413398742675781250000000000000000
0.0107963290065526962280273437500000000000
0.0047119646333158016204833984375000000000
0.0031056574080139398574829101562500000000
0.0027634212747216224670410156250000000000
0.0027065980248153209686279296875000000000
0.0026996619999408721923828125000000000000
0.0026991048362106084823608398437500000000
0.0026990824844688177108764648437500000000
0.0026990824844688177108764648437500000000
0.0026990824844688177108764648437500000000
0.0026990824844688177108764648437500000000
0.0026990824844688177108764648437500000000
0.0026990824844688177108764648437500000000
0.0026990824844688177108764648437500000000
0.0026990824844688177108764648437500000000
0.0026990824844688177108764648437500000000
0.0026990824844688177108764648437500000000
3.0000000000000000000000000000000000000000
3.0000000000000000000000000000000000000000
2.9987077713012695312500000000000000000000
2.9879472255706787109375000000000000000000
2.9427011013031005859375000000000000000000
2.8185706138610839843750000000000000000000
2.5691170692443847656250000000000000000000
2.1787879467010498046875000000000000000000
1.6859544515609741210937500000000000000000
1.1724627017974853515625000000000000000000
0.7245102524757385253906250000000000000000
0.3943193852901458740234375000000000000000
0.1876225471496582031250000000000000000000
0.0775589048862457275390625000000000000000
0.0277864206582307815551757812500000000000
0.0087682073935866355895996093750000000000
0.0026838434860110282897949218750000000000
0.0010775357950478792190551757812500000000
0.0007352996617555618286132812500000000000
0.0006784761790186166763305664062500000000
0.0006715403869748115539550781250000000000
0.0006709833396598696708679199218750000000
0.0006709609879180788993835449218750000000
0.0006709609879180788993835449218750000000
0.0006709609879180788993835449218750000000
0.0006709609879180788993835449218750000000
0.0006709609879180788993835449218750000000
0.0006709609879180788993835449218750000000
0.0006709609879180788993835449218750000000
0.0006709609879180788993835449218750000000
0.0006709609879180788993835449218750000000
0.0006709609879180788993835449218750000000
3.0000000000000000000000000000000000000000
3.0000000000000000000000000000000000000000
2.9987030029296875000000000000000000000000
2.9877941608428955078125000000000000000000
2.9423327445983886718750000000000000000000
2.8180737495422363281250000000000000000000
2.5685853958129882812500000000000000000000
2.1782526969909667968750000000000000000000
1.6854190826416015625000000000000000000000
1.1719273328781127929687500000000000000000
0.7239748835563659667968750000000000000000
0.3937839269638061523437500000000000000000
0.1870870888233184814453125000000000000000
0.0770234689116477966308593750000000000000
0.0272509846836328506469726562500000000000
0.0082327714189887046813964843750000000000
0.0021484077442437410354614257812500000000
0.0005420997622422873973846435546875000000
0.0001998636289499700069427490234375000000
0.0001430401316611096262931823730468750000
0.0001361043250653892755508422851562500000
0.0001355472340947017073631286621093750000
0.0001355249405605718493461608886718750000
0.0001355249405605718493461608886718750000
0.0001355249405605718493461608886718750000
0.0001355249405605718493461608886718750000
0.0001355249405605718493461608886718750000
0.0001355249405605718493461608886718750000
0.0001355249405605718493461608886718750000
0.0001355249405605718493461608886718750000
0.0001355249405605718493461608886718750000
0.0001355249405605718493461608886718750000
3.0000000000000000000000000000000000000000
3.0000000000000000000000000000000000000000
2.9986906051635742187500000000000000000000
2.9877355098724365234375000000000000000000
2.9422340393066406250000000000000000000000
2.8179614543914794921875000000000000000000
2.5684714317321777343750000000000000000000
2.1781384944915771484375000000000000000000
1.6853051185607910156250000000000000000000
1.1718132495880126953125000000000000000000
0.7238608002662658691406250000000000000000
0.3936699032783508300781250000000000000000
0.1869730204343795776367187500000000000000
0.0769093930721282958984375000000000000000
0.0271369051188230514526367187500000000000
0.0081186927855014801025390625000000000000
0.0020343288779258728027343750000000000000
0.0004280210123397409915924072265625000000
0.0000857848935993388295173645019531250000
0.0000289614090434042736887931823730468750
0.0000220255969907157123088836669921875000
0.0000214685078390175476670265197753906250
0.0000214462233998347073793411254882812500
0.0000214462233998347073793411254882812500
0.0000214462233998347073793411254882812500
0.0000214462233998347073793411254882812500
0.0000214462233998347073793411254882812500
0.0000214462233998347073793411254882812500
0.0000214462233998347073793411254882812500
0.0000214462233998347073793411254882812500
0.0000214462233998347073793411254882812500
0.0000214462233998347073793411254882812500
3.0000000000000000000000000000000000000000
3.0000000000000000000000000000000000000000
2.9986853599548339843750000000000000000000
2.9877214431762695312500000000000000000000
2.9422154426574707031250000000000000000000
2.8179426193237304687500000000000000000000
2.5684523582458496093750000000000000000000
2.1781194210052490234375000000000000000000
1.6852860450744628906250000000000000000000
1.1717941761016845703125000000000000000000
0.7238419055938720703125000000000000000000
0.3936509490013122558593750000000000000000
0.1869540810585021972656250000000000000000
0.0768904536962509155273437500000000000000
0.0271179676055908203125000000000000000000
0.0080997515469789505004882812500000000000
0.0020153878722339868545532226562500000000
0.0004090798611287027597427368164062500000
0.0000668437278363853693008422851562500000
0.0000100202450994402170181274414062500000
0.0000030844382763461908325552940368652344
0.0000025273452592955436557531356811523438
0.0000025050615022337296977639198303222656
0.0000025050615022337296977639198303222656
0.0000025050615022337296977639198303222656
0.0000025050615022337296977639198303222656
0.0000025050615022337296977639198303222656
0.0000025050615022337296977639198303222656
0.0000025050615022337296977639198303222656
0.0000025050615022337296977639198303222656
0.0000025050615022337296977639198303222656
0.0000025050615022337296977639198303222656
3.0000000000000000000000000000000000000000
3.0000000000000000000000000000000000000000
2.9986841678619384765625000000000000000000
2.9877190589904785156250000000000000000000
2.9422132968902587890625000000000000000000
2.8179402351379394531250000000000000000000
2.5684499740600585937500000000000000000000
2.1781172752380371093750000000000000000000
1.6852837800979614257812500000000000000000
1.1717920303344726562500000000000000000000
0.7238395214080810546875000000000000000000
0.3936486244201660156250000000000000000000
0.1869517713785171508789062500000000000000
0.0768881291151046752929687500000000000000
0.0271156523376703262329101562500000000000
0.0080974390730261802673339843750000000000
0.0020130758639425039291381835937500000000
0.0004067679692525416612625122070312500000
0.0000645317923044785857200622558593750000
0.0000077083104770281352102756500244140625
0.0000007725022896920563653111457824707031
0.0000002154092868522639037109911441802979
0.0000001931255724230140913277864456176758
0.0000001931255724230140913277864456176758
0.0000001931255724230140913277864456176758
0.0000001931255724230140913277864456176758
0.0000001931255724230140913277864456176758
0.0000001931255724230140913277864456176758
0.0000001931255724230140913277864456176758
0.0000001931255724230140913277864456176758
0.0000001931255724230140913277864456176758
0.0000001931255724230140913277864456176758
3.0000000000000000000000000000000000000000
3.0000000000000000000000000000000000000000
2.9986841678619384765625000000000000000000
2.9877190589904785156250000000000000000000
2.9422132968902587890625000000000000000000
2.8179397583007812500000000000000000000000
2.5684497356414794921875000000000000000000
2.1781172752380371093750000000000000000000
1.6852836608886718750000000000000000000000
1.1717917919158935546875000000000000000000
0.7238394021987915039062500000000000000000
0.3936484456062316894531250000000000000000
0.1869515776634216308593750000000000000000
0.0768879503011703491210937500000000000000
0.0271154660731554031372070312500000000000
0.0080972537398338317871093750000000000000
0.0020128900650888681411743164062500000000
0.0004065822286065667867660522460937500000
0.0000643460953142493963241577148437500000
0.0000075226125773042440414428710937500000
0.0000005868046173418406397104263305664062
0.0000000297116269365460539120249450206757
0.0000000074279067341365134780062362551689
0.0000000074279067341365134780062362551689
0.0000000074279067341365134780062362551689
0.0000000074279067341365134780062362551689
0.0000000074279067341365134780062362551689
0.0000000074279067341365134780062362551689
0.0000000074279067341365134780062362551689
0.0000000074279067341365134780062362551689
0.0000000074279067341365134780062362551689
0.0000000074279067341365134780062362551689
3.0000000000000000000000000000000000000000
3.0000000000000000000000000000000000000000
2.9986841678619384765625000000000000000000
2.9877190589904785156250000000000000000000
2.9422125816345214843750000000000000000000
2.8179397583007812500000000000000000000000
2.5684497356414794921875000000000000000000
2.1781172752380371093750000000000000000000
1.6852836608886718750000000000000000000000
1.1717917919158935546875000000000000000000
0.7238394021987915039062500000000000000000
0.3936484456062316894531250000000000000000
0.1869515627622604370117187500000000000000
0.0768879354000091552734375000000000000000
0.0271154604852199554443359375000000000000
0.0080972472205758094787597656250000000000
0.0020128828473389148712158203125000000000
0.0004065748071298003196716308593750000000
0.0000643386665615253150463104248046875000
0.0000075151842793275136500597000122070312
0.0000005793767172690422739833593368530273
0.0000000222837197583203305839560925960541
0.0000000000000000000000000000000000000000
0.0000000000000000000000000000000000000000
0.0000000000000000000000000000000000000000
0.0000000000000000000000000000000000000000
0.0000000000000000000000000000000000000000
0.0000000000000000000000000000000000000000
0.0000000000000000000000000000000000000000
0.0000000000000000000000000000000000000000
0.0000000000000000000000000000000000000000
0.0000000000000000000000000000000000000000
3.0000000000000000000000000000000000000000
3.0000000000000000000000000000000000000000
2.9986841678619384765625000000000000000000
2.9877190589904785156250000000000000000000
2.9422125816345214843750000000000000000000
2.8179397583007812500000000000000000000000
2.5684497356414794921875000000000000000000
2.1781172752380371093750000000000000000000
1.6852836608886718750000000000000000000000
1.1717917919158935546875000000000000000000
0.7238394021987915039062500000000000000000
0.3936484456062316894531250000000000000000
0.1869515627622604370117187500000000000000
0.0768879354000091552734375000000000000000
0.0271154604852199554443359375000000000000
0.0080972472205758094787597656250000000000
0.0020128828473389148712158203125000000000
0.0004065748071298003196716308593750000000
0.0000643386665615253150463104248046875000
0.0000075151842793275136500597000122070312
0.0000005793767172690422739833593368530273
0.0000000222837197583203305839560925960541
0.0000000000000000000000000000000000000000
0.0000000000000000000000000000000000000000
0.0000000000000000000000000000000000000000
0.0000000000000000000000000000000000000000
0.0000000000000000000000000000000000000000
0.0000000000000000000000000000000000000000
0.0000000000000000000000000000000000000000
0.0000000000000000000000000000000000000000
0.0000000000000000000000000000000000000000
0.0000000000000000000000000000000000000000
3.0000000000000000000000000000000000000000
3.0000000000000000000000000000000000000000
2.9986841678619384765625000000000000000000
2.9877190589904785156250000000000000000000
2.9422125816345214843750000000000000000000
2.8179397583007812500000000000000000000000
2.5684497356414794921875000000000000000000
2.1781172752380371093750000000000000000000
1.6852836608886718750000000000000000000000
1.1717917919158935546875000000000000000000
0.7238394021987915039062500000000000000000
0.3936484456062316894531250000000000000000
0.1869515627622604370117187500000000000000
0.0768879354000091552734375000000000000000
0.0271154604852199554443359375000000000000
0.0080972472205758094787597656250000000000
0.0020128828473389148712158203125000000000
0.0004065748071298003196716308593750000000
0.0000643386665615253150463104248046875000
0.0000075151842793275136500597000122070312
0.0000005793767172690422739833593368530273
0.0000000222837197583203305839560925960541
0.0000000000000000000000000000000000000000
0.0000000000000000000000000000000000000000
0.0000000000000000000000000000000000000000
0.0000000000000000000000000000000000000000
0.0000000000000000000000000000000000000000
0.0000000000000000000000000000000000000000
0.0000000000000000000000000000000000000000
0.0000000000000000000000000000000000000000
0.0000000000000000000000000000000000000000
0.0000000000000000000000000000000000000000
3.0000000000000000000000000000000000000000
3.0000000000000000000000000000000000000000
2.9986841678619384765625000000000000000000
2.9877190589904785156250000000000000000000
2.9422125816345214843750000000000000000000
2.8179397583007812500000000000000000000000
2.5684497356414794921875000000000000000000
2.1781172752380371093750000000000000000000
1.6852836608886718750000000000000000000000
1.1717917919158935546875000000000000000000
0.7238394021987915039062500000000000000000
0.3936484456062316894531250000000000000000
0.1869515627622604370117187500000000000000
0.0768879354000091552734375000000000000000
0.0271154604852199554443359375000000000000
0.0080972472205758094787597656250000000000
0.0020128828473389148712158203125000000000
0.0004065748071298003196716308593750000000
0.0000643386665615253150463104248046875000
0.0000075151842793275136500597000122070312
0.0000005793767172690422739833593368530273
0.0000000222837197583203305839560925960541
0.0000000000000000000000000000000000000000
0.0000000000000000000000000000000000000000
0.0000000000000000000000000000000000000000
0.0000000000000000000000000000000000000000
0.0000000000000000000000000000000000000000
0.0000000000000000000000000000000000000000
0.0000000000000000000000000000000000000000
0.0000000000000000000000000000000000000000
0.0000000000000000000000000000000000000000
0.0000000000000000000000000000000000000000
3.0000000000000000000000000000000000000000
3.0000000000000000000000000000000000000000
2.9986841678619384765625000000000000000000
2.9877190589904785156250000000000000000000
2.9422125816345214843750000000000000000000
2.8179397583007812500000000000000000000000
2.5684497356414794921875000000000000000000
2.1781172752380371093750000000000000000000
1.6852836608886718750000000000000000000000
1.1717917919158935546875000000000000000000
0.7238394021987915039062500000000000000000
0.3936484456062316894531250000000000000000
0.1869515627622604370117187500000000000000
0.0768879354000091552734375000000000000000
0.0271154604852199554443359375000000000000
0.0080972472205758094787597656250000000000
0.0020128828473389148712158203125000000000
0.0004065748071298003196716308593750000000
0.0000643386665615253150463104248046875000
0.0000075151842793275136500597000122070312
0.0000005793767172690422739833593368530273
0.0000000222837197583203305839560925960541
0.0000000000000000000000000000000000000000
0.0000000000000000000000000000000000000000
0.0000000000000000000000000000000000000000
0.0000000000000000000000000000000000000000
0.0000000000000000000000000000000000000000
0.0000000000000000000000000000000000000000
0.0000000000000000000000000000000000000000
0.0000000000000000000000000000000000000000
0.0000000000000000000000000000000000000000
0.0000000000000000000000000000000000000000
3.0000000000000000000000000000000000000000
3.0000000000000000000000000000000000000000
2.9986841678619384765625000000000000000000
2.9877190589904785156250000000000000000000
2.9422125816345214843750000000000000000000
2.8179397583007812500000000000000000000000
2.5684497356414794921875000000000000000000
2.1781172752380371093750000000000000000000
1.6852836608886718750000000000000000000000
1.1717917919158935546875000000000000000000
0.7238394021987915039062500000000000000000
0.3936484456062316894531250000000000000000
0.1869515627622604370117187500000000000000
0.0768879354000091552734375000000000000000
0.0271154604852199554443359375000000000000
0.0080972472205758094787597656250000000000
0.0020128828473389148712158203125000000000
0.0004065748071298003196716308593750000000
0.0000643386665615253150463104248046875000
0.0000075151842793275136500597000122070312
0.0000005793767172690422739833593368530273
0.0000000222837197583203305839560925960541
0.0000000000000000000000000000000000000000
0.0000000000000000000000000000000000000000
0.0000000000000000000000000000000000000000
0.0000000000000000000000000000000000000000
0.0000000000000000000000000000000000000000
0.0000000000000000000000000000000000000000
0.0000000000000000000000000000000000000000
0.0000000000000000000000000000000000000000
0.0000000000000000000000000000000000000000
0.0000000000000000000000000000000000000000
3.0000000000000000000000000000000000000000
3.0000000000000000000000000000000000000000
2.9986841678619384765625000000000000000000
2.9877190589904785156250000000000000000000
2.9422125816345214843750000000000000000000
2.8179397583007812500000000000000000000000
2.5684497356414794921875000000000000000000
2.1781172752380371093750000000000000000000
1.6852836608886718750000000000000000000000
1.1717917919158935546875000000000000000000
0.7238394021987915039062500000000000000000
0.3936484456062316894531250000000000000000
0.1869515627622604370117187500000000000000
0.0768879354000091552734375000000000000000
0.0271154604852199554443359375000000000000
0.0080972472205758094787597656250000000000
0.0020128828473389148712158203125000000000
0.0004065748071298003196716308593750000000
0.0000643386665615253150463104248046875000
0.0000075151842793275136500597000122070312
0.0000005793767172690422739833593368530273
0.0000000222837197583203305839560925960541
0.0000000000000000000000000000000000000000
0.0000000000000000000000000000000000000000
0.0000000000000000000000000000000000000000
0.0000000000000000000000000000000000000000
0.0000000000000000000000000000000000000000
0.0000000000000000000000000000000000000000
0.0000000000000000000000000000000000000000
0.0000000000000000000000000000000000000000
0.0000000000000000000000000000000000000000
0.0000000000000000000000000000000000000000
3.0000000000000000000000000000000000000000
3.0000000000000000000000000000000000000000
2.9986841678619384765625000000000000000000
2.9877190589904785156250000000000000000000
2.9422125816345214843750000000000000000000
2.8179397583007812500000000000000000000000
2.5684497356414794921875000000000000000000
2.1781172752380371093750000000000000000000
1.6852836608886718750000000000000000000000
1.1717917919158935546875000000000000000000
0.7238394021987915039062500000000000000000
0.3936484456062316894531250000000000000000
0.1869515627622604370117187500000000000000
0.0768879354000091552734375000000000000000
0.0271154604852199554443359375000000000000
0.0080972472205758094787597656250000000000
0.0020128828473389148712158203125000000000
0.0004065748071298003196716308593750000000
0.0000643386665615253150463104248046875000
0.0000075151842793275136500597000122070312
0.0000005793767172690422739833593368530273
0.0000000222837197583203305839560925960541
0.0000000000000000000000000000000000000000
0.0000000000000000000000000000000000000000
0.0000000000000000000000000000000000000000
0.0000000000000000000000000000000000000000
0.0000000000000000000000000000000000000000
0.0000000000000000000000000000000000000000
0.0000000000000000000000000000000000000000
0.0000000000000000000000000000000000000000
0.0000000000000000000000000000000000000000
0.0000000000000000000000000000000000000000
3.0000000000000000000000000000000000000000
3.0000000000000000000000000000000000000000
2.9986841678619384765625000000000000000000
2.9877190589904785156250000000000000000000
2.9422125816345214843750000000000000000000
2.8179397583007812500000000000000000000000
2.5684497356414794921875000000000000000000
2.1781172752380371093750000000000000000000
1.6852836608886718750000000000000000000000
1.1717917919158935546875000000000000000000
0.7238394021987915039062500000000000000000
0.3936484456062316894531250000000000000000
0.1869515627622604370117187500000000000000
0.0768879354000091552734375000000000000000
0.0271154604852199554443359375000000000000
0.0080972472205758094787597656250000000000
0.0020128828473389148712158203125000000000
0.0004065748071298003196716308593750000000
0.0000643386665615253150463104248046875000
0.0000075151842793275136500597000122070312
0.0000005793767172690422739833593368530273
0.0000000222837197583203305839560925960541
0.0000000000000000000000000000000000000000
0.0000000000000000000000000000000000000000
0.0000000000000000000000000000000000000000
0.0000000000000000000000000000000000000000
0.0000000000000000000000000000000000000000
0.0000000000000000000000000000000000000000
0.0000000000000000000000000000000000000000
0.0000000000000000000000000000000000000000
0.0000000000000000000000000000000000000000
0.0000000000000000000000000000000000000000
3.0000000000000000000000000000000000000000
3.0000000000000000000000000000000000000000
2.9986841678619384765625000000000000000000
2.9877190589904785156250000000000000000000
2.9422125816345214843750000000000000000000
2.8179397583007812500000000000000000000000
2.5684497356414794921875000000000000000000
2.1781172752380371093750000000000000000000
1.6852836608886718750000000000000000000000
1.1717917919158935546875000000000000000000
0.7238394021987915039062500000000000000000
0.3936484456062316894531250000000000000000
0.1869515627622604370117187500000000000000
0.0768879354000091552734375000000000000000
0.0271154604852199554443359375000000000000
0.0080972472205758094787597656250000000000
0.0020128828473389148712158203125000000000
0.0004065748071298003196716308593750000000
0.0000643386665615253150463104248046875000
0.0000075151842793275136500597000122070312
0.0000005793767172690422739833593368530273
0.0000000222837197583203305839560925960541
0.0000000000000000000000000000000000000000
0.0000000000000000000000000000000000000000
0.0000000000000000000000000000000000000000
0.0000000000000000000000000000000000000000
0.0000000000000000000000000000000000000000
0.0000000000000000000000000000000000000000
0.0000000000000000000000000000000000000000
0.0000000000000000000000000000000000000000
0.0000000000000000000000000000000000000000
0.0000000000000000000000000000000000000000
