1.0000000000000000000000000000000000000000
1.0000000000000000000000000000000000000000
0.9287236332893371582031250000000000000000
0.8769251704216003417968750000000000000000
0.8205986022949218750000000000000000000000
0.7665223479270935058593750000000000000000
0.7131986021995544433593750000000000000000
0.6613313555717468261718750000000000000000
0.6110101938247680664062500000000000000000
0.5624625086784362792968750000000000000000
0.5158494114875793457031250000000000000000
0.4713174998760223388671875000000000000000
0.4289842844009399414062500000000000000000
0.3889410495758056640625000000000000000000
0.3512519299983978271484375000000000000000
0.3159547448158264160156250000000000000000
0.2830621898174285888671875000000000000000
0.2525630295276641845703125000000000000000
0.2244241386651992797851562500000000000000
0.1985924243927001953125000000000000000000
0.1749972105026245117187500000000000000000
0.1535527110099792480468750000000000000000
0.1341605782508850097656250000000000000000
0.1167123988270759582519531250000000000000
0.1010922417044639587402343750000000000000
0.0871789976954460144042968750000000000000
0.0748486742377281188964843750000000000000
0.0639764294028282165527343750000000000000
0.0544384308159351348876953125000000000000
0.0461134612560272216796875000000000000000
0.0388842709362506866455078125000000000000
0.0326387584209442138671875000000000000000
0.0272708293050527572631835937500000000000
0.0226810667663812637329101562500000000000
0.0187772084027528762817382812500000000000
0.0154744042083621025085449218750000000000
0.0126953171566128730773925781250000000000
0.0103700989857316017150878906250000000000
0.0084362355992197990417480468750000000000
0.0068383016623556613922119140625000000000
0.0055276602506637573242187500000000000000
0.0044621224515140056610107421875000000000
0.0036055790260434150695800781250000000000
0.0029276479035615921020507812500000000000
0.0024033370427787303924560546875000000000
0.0020127440802752971649169921875000000000
0.0017408160492777824401855468750000000000
0.0015771681210026144981384277343750000000
0.0015159853501245379447937011718750000000
0.0015560049796476960182189941406250000000
0.0017005963018164038658142089843750000000
0.0019579341169446706771850585937500000000
0.0023412792943418025970458984375000000000
0.0028693554922938346862792968750000000000
0.0035668343771249055862426757812500000000
0.0044649150222539901733398437500000000000
0.0056019932962954044342041015625000000000
0.0070244208909571170806884765625000000000
0.0087873218581080436706542968750000000000
0.0109554678201675415039062500000000000000
0.0136041799560189247131347656250000000000
0.0168202314525842666625976562500000000000
0.0207027234137058258056640625000000000000
0.0253638997673988342285156250000000000000
0.0309298411011695861816406250000000000000
0.0375410392880439758300781250000000000000
0.0453527458012104034423828125000000000000
0.0545351058244705200195312500000000000000
0.0652729719877243041992187500000000000000
0.0777653977274894714355468750000000000000
0.0922247543931007385253906250000000000000
0.1088753864169120788574218750000000000000
0.1279518455266952514648437500000000000000
0.1496966332197189331054687500000000000000
0.1743574887514114379882812500000000000000
0.2021841406822204589843750000000000000000
0.2334245890378952026367187500000000000000
0.2683210074901580810546875000000000000000
0.3071053028106689453125000000000000000000
0.3499943017959594726562500000000000000000
0.3971847593784332275390625000000000000000
0.4488482773303985595703125000000000000000
0.5051260590553283691406250000000000000000
0.5661243796348571777343750000000000000000
0.6319095492362976074218750000000000000000
0.7025039196014404296875000000000000000000
0.7778822779655456542968750000000000000000
0.8579686284065246582031250000000000000000
0.9426350593566894531250000000000000000000
1.0316988229751586914062500000000000000000
1.1249251365661621093750000000000000000000
1.2220203876495361328125000000000000000000
1.3226628303527832031250000000000000000000
1.4263974428176879882812500000000000000000
1.5330448150634765625000000000000000000000
1.6411975622177124023437500000000000000000
1.7538503408432006835937500000000000000000
1.8574472665786743164062500000000000000000
2.0000000000000000000000000000000000000000
2.0000000000000000000000000000000000000000
