1.0000000000000000000000000000000000000000
1.0000000000000000000000000000000000000000
1.0000000000000000000000000000000000000000
1.0000000000000000000000000000000000000000
1.0000000000000000000000000000000000000000
1.0000000000000000000000000000000000000000
1.0000000000000000000000000000000000000000
1.0000000000000000000000000000000000000000
1.0000000000000000000000000000000000000000
1.0000000000000000000000000000000000000000
1.0000000000000000000000000000000000000000
1.0000000000000000000000000000000000000000
1.0000000000000000000000000000000000000000
1.0000000000000000000000000000000000000000
1.0000000000000000000000000000000000000000
1.0000000000000000000000000000000000000000
1.0000000000000000000000000000000000000000
1.0000000000000000000000000000000000000000
1.0000000000000000000000000000000000000000
1.0000000000000000000000000000000000000000
3.0000000000000000000000000000000000000000
3.0000000000000000000000000000000000000000
2.0597598552703857421875000000000000000000
1.8048460483551025390625000000000000000000
1.7168245315551757812500000000000000000000
1.7839882373809814453125000000000000000000
2.0316243171691894531250000000000000000000
2.4999995231628417968750000000000000000000
4.0000000000000000000000000000000000000000
4.0000000000000000000000000000000000000000
3.0000000000000000000000000000000000000000
3.0000000000000000000000000000000000000000
2.4124405384063720703125000000000000000000
2.1929240226745605468750000000000000000000
2.1247677803039550781250000000000000000000
2.2202808856964111328125000000000000000000
2.4999992847442626953125000000000000000000
2.9683747291564941406250000000000000000000
4.0000000000000000000000000000000000000000
4.0000000000000000000000000000000000000000
3.0000000000000000000000000000000000000000
3.0000000000000000000000000000000000000000
2.6092295646667480468750000000000000000000
2.4348943233489990234375000000000000000000
2.3907001018524169921875000000000000000000
2.4999995231628417968750000000000000000000
2.7797179222106933593750000000000000000000
3.2160110473632812500000000000000000000000
4.0000000000000000000000000000000000000000
4.0000000000000000000000000000000000000000
3.0000000000000000000000000000000000000000
3.0000000000000000000000000000000000000000
2.6763930320739746093750000000000000000000
2.5304074287414550781250000000000000000000
2.4999990463256835937500000000000000000000
2.6092982292175292968750000000000000000000
2.8752310276031494140625000000000000000000
3.2831749916076660156250000000000000000000
4.0000000000000000000000000000000000000000
4.0000000000000000000000000000000000000000
3.0000000000000000000000000000000000000000
3.0000000000000000000000000000000000000000
2.6392197608947753906250000000000000000000
2.4999995231628417968750000000000000000000
2.4695916175842285156250000000000000000000
2.5651042461395263671875000000000000000000
2.8070750236511230468750000000000000000000
3.1951537132263183593750000000000000000000
4.0000000000000000000000000000000000000000
4.0000000000000000000000000000000000000000
3.0000000000000000000000000000000000000000
3.0000000000000000000000000000000000000000
2.4999997615814208984375000000000000000000
2.3607800006866455078125000000000000000000
2.3236060142517089843750000000000000000000
2.3907694816589355468750000000000000000000
2.5875587463378906250000000000000000000000
2.9402396678924560546875000000000000000000
4.0000000000000000000000000000000000000000
4.0000000000000000000000000000000000000000
2.0000000000000000000000000000000000000000
2.0000000000000000000000000000000000000000
2.0000000000000000000000000000000000000000
2.0000000000000000000000000000000000000000
2.0000000000000000000000000000000000000000
2.0000000000000000000000000000000000000000
2.0000000000000000000000000000000000000000
2.0000000000000000000000000000000000000000
2.0000000000000000000000000000000000000000
2.0000000000000000000000000000000000000000
2.0000000000000000000000000000000000000000
2.0000000000000000000000000000000000000000
2.0000000000000000000000000000000000000000
2.0000000000000000000000000000000000000000
2.0000000000000000000000000000000000000000
2.0000000000000000000000000000000000000000
2.0000000000000000000000000000000000000000
2.0000000000000000000000000000000000000000
2.0000000000000000000000000000000000000000
2.0000000000000000000000000000000000000000
