1.0000000000000000000000000000000000000000
1.0000000000000000000000000000000000000000
1.0000000000000000000000000000000000000000
1.0000000000000000000000000000000000000000
1.0000000000000000000000000000000000000000
1.0000000000000000000000000000000000000000
1.0000000000000000000000000000000000000000
1.0000000000000000000000000000000000000000
1.0000000000000000000000000000000000000000
1.0000000000000000000000000000000000000000
3.0000000000000000000000000000000000000000
1.0499999523162841796875000000000000000000
0.3000000119209289550781250000000000000000
0.3000000119209289550781250000000000000000
0.3000000119209289550781250000000000000000
0.3000000119209289550781250000000000000000
0.3000000119209289550781250000000000000000
0.3000000119209289550781250000000000000000
1.2999999523162841796875000000000000000000
4.0000000000000000000000000000000000000000
3.0000000000000000000000000000000000000000
0.8999999761581420898437500000000000000000
0.0000000000000000000000000000000000000000
0.0000000000000000000000000000000000000000
0.0000000000000000000000000000000000000000
0.0000000000000000000000000000000000000000
0.0000000000000000000000000000000000000000
0.0000000000000000000000000000000000000000
1.2000000476837158203125000000000000000000
4.0000000000000000000000000000000000000000
3.0000000000000000000000000000000000000000
0.8999999761581420898437500000000000000000
0.0000000000000000000000000000000000000000
0.0000000000000000000000000000000000000000
0.0000000000000000000000000000000000000000
0.0000000000000000000000000000000000000000
0.0000000000000000000000000000000000000000
0.0000000000000000000000000000000000000000
1.2000000476837158203125000000000000000000
4.0000000000000000000000000000000000000000
3.0000000000000000000000000000000000000000
0.8999999761581420898437500000000000000000
0.0000000000000000000000000000000000000000
0.0000000000000000000000000000000000000000
0.0000000000000000000000000000000000000000
0.0000000000000000000000000000000000000000
0.0000000000000000000000000000000000000000
0.0000000000000000000000000000000000000000
1.2000000476837158203125000000000000000000
4.0000000000000000000000000000000000000000
3.0000000000000000000000000000000000000000
0.8999999761581420898437500000000000000000
0.0000000000000000000000000000000000000000
0.0000000000000000000000000000000000000000
0.0000000000000000000000000000000000000000
0.0000000000000000000000000000000000000000
0.0000000000000000000000000000000000000000
0.0000000000000000000000000000000000000000
1.2000000476837158203125000000000000000000
4.0000000000000000000000000000000000000000
3.0000000000000000000000000000000000000000
0.8999999761581420898437500000000000000000
0.0000000000000000000000000000000000000000
0.0000000000000000000000000000000000000000
0.0000000000000000000000000000000000000000
0.0000000000000000000000000000000000000000
0.0000000000000000000000000000000000000000
0.0000000000000000000000000000000000000000
1.2000000476837158203125000000000000000000
4.0000000000000000000000000000000000000000
3.0000000000000000000000000000000000000000
0.8999999761581420898437500000000000000000
0.0000000000000000000000000000000000000000
0.0000000000000000000000000000000000000000
0.0000000000000000000000000000000000000000
0.0000000000000000000000000000000000000000
0.0000000000000000000000000000000000000000
0.0000000000000000000000000000000000000000
1.2000000476837158203125000000000000000000
4.0000000000000000000000000000000000000000
3.0000000000000000000000000000000000000000
1.3500000238418579101562500000000000000000
0.6000000238418579101562500000000000000000
0.6000000238418579101562500000000000000000
0.6000000238418579101562500000000000000000
0.6000000238418579101562500000000000000000
0.6000000238418579101562500000000000000000
0.6000000238418579101562500000000000000000
1.6000000238418579101562500000000000000000
4.0000000000000000000000000000000000000000
2.0000000000000000000000000000000000000000
2.0000000000000000000000000000000000000000
2.0000000000000000000000000000000000000000
2.0000000000000000000000000000000000000000
2.0000000000000000000000000000000000000000
2.0000000000000000000000000000000000000000
2.0000000000000000000000000000000000000000
2.0000000000000000000000000000000000000000
2.0000000000000000000000000000000000000000
2.0000000000000000000000000000000000000000
