1.0000000000000000000000000000000000000000
0.7539062500000000000000000000000000000000
0.5488281250000000000000000000000000000000
0.3437500000000000000000000000000000000000
0.2265625000000000000000000000000000000000
0.1093750000000000000000000000000000000000
0.0654296875000000000000000000000000000000
0.0214843750000000000000000000000000000000
0.0117187500000000000000000000000000000000
0.0019531250000000000000000000000000000000
0.0009765625000000000000000000000000000000
0.0000000000000000000000000000000000000000
0.0000000000000000000000000000000000000000
0.0000000000000000000000000000000000000000
0.0000000000000000000000000000000000000000
0.0000000000000000000000000000000000000000
0.0000000000000000000000000000000000000000
0.0000000000000000000000000000000000000000
0.0000000000000000000000000000000000000000
0.0000000000000000000000000000000000000000
0.0000000000000000000000000000000000000000
0.0019531250000000000000000000000000000000
0.0039062500000000000000000000000000000000
0.0234375000000000000000000000000000000000
0.0429687500000000000000000000000000000000
0.1308593750000000000000000000000000000000
0.2187500000000000000000000000000000000000
0.4531250000000000000000000000000000000000
0.6875000000000000000000000000000000000000
1.0976562500000000000000000000000000000000
1.5078125000000000000000000000000000000000
2.0000000000000000000000000000000000000000
