1.0000000000000000000000000000000000000000
1.0000000000000000000000000000000000000000
1.0000000000000000000000000000000000000000
1.0000000000000000000000000000000000000000
1.0000000000000000000000000000000000000000
1.0000000000000000000000000000000000000000
1.0000000000000000000000000000000000000000
1.0000000000000000000000000000000000000000
1.0000000000000000000000000000000000000000
1.0000000000000000000000000000000000000000
3.0000000000000000000000000000000000000000
2.0264947414398193359375000000000000000000
1.6635336875915527343750000000000000000000
1.5223265886306762695312500000000000000000
1.4862246513366699218750000000000000000000
1.5242400169372558593750000000000000000000
1.6460819244384765625000000000000000000000
1.9103690385818481445312500000000000000000
2.4990763664245605468750000000000000000000
4.0000000000000000000000000000000000000000
3.0000000000000000000000000000000000000000
2.4426681995391845703125000000000000000000
2.1057326793670654296875000000000000000000
1.9401121139526367187500000000000000000000
1.8989737033843994140625000000000000000000
1.9652951955795288085937500000000000000000
2.1502826213836669921875000000000000000000
2.4967370033264160156250000000000000000000
3.0861585140228271484375000000000000000000
4.0000000000000000000000000000000000000000
3.0000000000000000000000000000000000000000
2.6388635635375976562500000000000000000000
2.3774039745330810546875000000000000000000
2.2344756126403808593750000000000000000000
2.2054691314697265625000000000000000000000
2.2888894081115722656250000000000000000000
2.4940772056579589843750000000000000000000
2.8409252166748046875000000000000000000000
3.3492398262023925781250000000000000000000
4.0000000000000000000000000000000000000000
3.0000000000000000000000000000000000000000
2.7359471321105957031250000000000000000000
2.5316042900085449218750000000000000000000
2.4163460731506347656250000000000000000000
2.4011626243591308593750000000000000000000
2.4923410415649414062500000000000000000000
2.6976404190063476562500000000000000000000
3.0247068405151367187500000000000000000000
3.4704403877258300781250000000000000000000
4.0000000000000000000000000000000000000000
3.0000000000000000000000000000000000000000
2.7739624977111816406250000000000000000000
2.5979254245758056640625000000000000000000
2.4997663497924804687500000000000000000000
2.4923412799835205078125000000000000000000
2.5835199356079101562500000000000000000000
2.7810604572296142578125000000000000000000
3.0910282135009765625000000000000000000000
3.5084552764892578125000000000000000000000
4.0000000000000000000000000000000000000000
3.0000000000000000000000000000000000000000
2.7626190185546875000000000000000000000000
2.5875744819641113281250000000000000000000
2.4940772056579589843750000000000000000000
2.4867637157440185546875000000000000000000
2.5701837539672851562500000000000000000000
2.7536787986755371093750000000000000000000
3.0510957241058349609375000000000000000000
3.4729952812194824218750000000000000000000
4.0000000000000000000000000000000000000000
3.0000000000000000000000000000000000000000
2.6895034313201904296875000000000000000000
2.4967372417449951171875000000000000000000
2.4036333560943603515625000000000000000000
2.3920767307281494140625000000000000000000
2.4583981037139892578125000000000000000000
2.6138038635253906250000000000000000000000
2.8877418041229248046875000000000000000000
3.3329939842224121093750000000000000000000
4.0000000000000000000000000000000000000000
3.0000000000000000000000000000000000000000
2.4990763664245605468750000000000000000000
2.3070242404937744140625000000000000000000
2.2327027320861816406250000000000000000000
2.2207176685333251953125000000000000000000
2.2587330341339111328125000000000000000000
2.3564581871032714843750000000000000000000
2.5538597106933593750000000000000000000000
2.9716577529907226562500000000000000000000
4.0000000000000000000000000000000000000000
2.0000000000000000000000000000000000000000
2.0000000000000000000000000000000000000000
2.0000000000000000000000000000000000000000
2.0000000000000000000000000000000000000000
2.0000000000000000000000000000000000000000
2.0000000000000000000000000000000000000000
2.0000000000000000000000000000000000000000
2.0000000000000000000000000000000000000000
2.0000000000000000000000000000000000000000
2.0000000000000000000000000000000000000000
