1.0000000000000000000000000000000000000000
0.9230546951293945312500000000000000000000
0.8476699590682983398437500000000000000000
0.7732257246971130371093750000000000000000
0.7032831311225891113281250000000000000000
0.6353775858879089355468750000000000000000
0.5744085907936096191406250000000000000000
0.5168684720993041992187500000000000000000
0.4679604768753051757812500000000000000000
0.4242698252201080322265625000000000000000
0.3900633156299591064453125000000000000000
0.3632962405681610107421875000000000000000
0.3460508286952972412109375000000000000000
0.3388440907001495361328125000000000000000
0.3405209481716156005859375000000000000000
0.3550392985343933105468750000000000000000
0.3773331046104431152343750000000000000000
0.4151776731014251708984375000000000000000
0.4594430923461914062500000000000000000000
0.5214755535125732421875000000000000000000
0.5885274410247802734375000000000000000000
0.6746225357055664062500000000000000000000
0.7644373178482055664062500000000000000000
0.8732202053070068359375000000000000000000
0.9846118688583374023437500000000000000000
1.1132676601409912109375000000000000000000
1.2436380386352539062500000000000000000000
1.3878812789916992187500000000000000000000
1.5331430435180664062500000000000000000000
1.6874082088470458984375000000000000000000
1.8421435356140136718750000000000000000000
2.0000000000000000000000000000000000000000
