1.0000000000000000000000000000000000000000
1.0000000000000000000000000000000000000000
1.0000000000000000000000000000000000000000
1.0000000000000000000000000000000000000000
1.0000000000000000000000000000000000000000
1.0000000000000000000000000000000000000000
1.0000000000000000000000000000000000000000
1.0000000000000000000000000000000000000000
1.0000000000000000000000000000000000000000
1.0000000000000000000000000000000000000000
1.0000000000000000000000000000000000000000
1.0000000000000000000000000000000000000000
1.0000000000000000000000000000000000000000
1.0000000000000000000000000000000000000000
1.0000000000000000000000000000000000000000
1.0000000000000000000000000000000000000000
1.0000000000000000000000000000000000000000
1.0000000000000000000000000000000000000000
1.0000000000000000000000000000000000000000
1.0000000000000000000000000000000000000000
1.0000000000000000000000000000000000000000
1.0000000000000000000000000000000000000000
1.0000000000000000000000000000000000000000
1.0000000000000000000000000000000000000000
1.0000000000000000000000000000000000000000
1.0000000000000000000000000000000000000000
1.0000000000000000000000000000000000000000
1.0000000000000000000000000000000000000000
1.0000000000000000000000000000000000000000
1.0000000000000000000000000000000000000000
1.0000000000000000000000000000000000000000
1.0000000000000000000000000000000000000000
1.0000000000000000000000000000000000000000
1.0000000000000000000000000000000000000000
1.0000000000000000000000000000000000000000
1.0000000000000000000000000000000000000000
1.0000000000000000000000000000000000000000
1.0000000000000000000000000000000000000000
1.0000000000000000000000000000000000000000
1.0000000000000000000000000000000000000000
1.0000000000000000000000000000000000000000
1.0000000000000000000000000000000000000000
1.0000000000000000000000000000000000000000
1.0000000000000000000000000000000000000000
1.0000000000000000000000000000000000000000
1.0000000000000000000000000000000000000000
1.0000000000000000000000000000000000000000
1.0000000000000000000000000000000000000000
1.0000000000000000000000000000000000000000
1.0000000000000000000000000000000000000000
1.0000000000000000000000000000000000000000
1.0000000000000000000000000000000000000000
1.0000000000000000000000000000000000000000
1.0000000000000000000000000000000000000000
1.0000000000000000000000000000000000000000
1.0000000000000000000000000000000000000000
1.0000000000000000000000000000000000000000
1.0000000000000000000000000000000000000000
1.0000000000000000000000000000000000000000
1.0000000000000000000000000000000000000000
1.0000000000000000000000000000000000000000
1.0000000000000000000000000000000000000000
1.0000000000000000000000000000000000000000
1.0000000000000000000000000000000000000000
3.0000000000000000000000000000000000000000
3.0000000000000000000000000000000000000000
1.0000000000000000000000000000000000000000
0.4000000059604644775390625000000000000000
0.2500000000000000000000000000000000000000
0.2500000000000000000000000000000000000000
0.2500000000000000000000000000000000000000
0.2500000000000000000000000000000000000000
0.2500000000000000000000000000000000000000
0.2500000000000000000000000000000000000000
0.2500000000000000000000000000000000000000
0.2500000000000000000000000000000000000000
0.2500000000000000000000000000000000000000
0.2500000000000000000000000000000000000000
0.2500000000000000000000000000000000000000
0.2500000000000000000000000000000000000000
0.2500000000000000000000000000000000000000
0.2500000000000000000000000000000000000000
0.2500000000000000000000000000000000000000
0.2500000000000000000000000000000000000000
0.2500000000000000000000000000000000000000
0.2500000000000000000000000000000000000000
0.2500000000000000000000000000000000000000
0.2500000000000000000000000000000000000000
0.2500000000000000000000000000000000000000
0.2500000000000000000000000000000000000000
0.2500000000000000000000000000000000000000
0.2500000000000000000000000000000000000000
0.4499999880790710449218750000000000000000
1.2500000000000000000000000000000000000000
4.0000000000000000000000000000000000000000
4.0000000000000000000000000000000000000000
3.0000000000000000000000000000000000000000
3.0000000000000000000000000000000000000000
0.8000000119209289550781250000000000000000
0.2000000029802322387695312500000000000000
0.0500000007450580596923828125000000000000
0.0500000007450580596923828125000000000000
0.0500000007450580596923828125000000000000
0.0500000007450580596923828125000000000000
0.0500000007450580596923828125000000000000
0.0500000007450580596923828125000000000000
0.0500000007450580596923828125000000000000
0.0500000007450580596923828125000000000000
0.0500000007450580596923828125000000000000
0.0500000007450580596923828125000000000000
0.0500000007450580596923828125000000000000
0.0500000007450580596923828125000000000000
0.0500000007450580596923828125000000000000
0.0500000007450580596923828125000000000000
0.0500000007450580596923828125000000000000
0.0500000007450580596923828125000000000000
0.0500000007450580596923828125000000000000
0.0500000007450580596923828125000000000000
0.0500000007450580596923828125000000000000
0.0500000007450580596923828125000000000000
0.0500000007450580596923828125000000000000
0.0500000007450580596923828125000000000000
0.0500000007450580596923828125000000000000
0.0500000007450580596923828125000000000000
0.2500000000000000000000000000000000000000
1.0499999523162841796875000000000000000000
4.0000000000000000000000000000000000000000
4.0000000000000000000000000000000000000000
3.0000000000000000000000000000000000000000
3.0000000000000000000000000000000000000000
0.7500000000000000000000000000000000000000
0.1500000059604644775390625000000000000000
0.0000000000000000000000000000000000000000
0.0000000000000000000000000000000000000000
0.0000000000000000000000000000000000000000
0.0000000000000000000000000000000000000000
0.0000000000000000000000000000000000000000
0.0000000000000000000000000000000000000000
0.0000000000000000000000000000000000000000
0.0000000000000000000000000000000000000000
0.0000000000000000000000000000000000000000
0.0000000000000000000000000000000000000000
0.0000000000000000000000000000000000000000
0.0000000000000000000000000000000000000000
0.0000000000000000000000000000000000000000
0.0000000000000000000000000000000000000000
0.0000000000000000000000000000000000000000
0.0000000000000000000000000000000000000000
0.0000000000000000000000000000000000000000
0.0000000000000000000000000000000000000000
0.0000000000000000000000000000000000000000
0.0000000000000000000000000000000000000000
0.0000000000000000000000000000000000000000
0.0000000000000000000000000000000000000000
0.0000000000000000000000000000000000000000
0.0000000000000000000000000000000000000000
0.2000000029802322387695312500000000000000
1.0000000000000000000000000000000000000000
4.0000000000000000000000000000000000000000
4.0000000000000000000000000000000000000000
3.0000000000000000000000000000000000000000
3.0000000000000000000000000000000000000000
0.7500000000000000000000000000000000000000
0.1500000059604644775390625000000000000000
0.0000000000000000000000000000000000000000
0.0000000000000000000000000000000000000000
0.0000000000000000000000000000000000000000
0.0000000000000000000000000000000000000000
0.0000000000000000000000000000000000000000
0.0000000000000000000000000000000000000000
0.0000000000000000000000000000000000000000
0.0000000000000000000000000000000000000000
0.0000000000000000000000000000000000000000
0.0000000000000000000000000000000000000000
0.0000000000000000000000000000000000000000
0.0000000000000000000000000000000000000000
0.0000000000000000000000000000000000000000
0.0000000000000000000000000000000000000000
0.0000000000000000000000000000000000000000
0.0000000000000000000000000000000000000000
0.0000000000000000000000000000000000000000
0.0000000000000000000000000000000000000000
0.0000000000000000000000000000000000000000
0.0000000000000000000000000000000000000000
0.0000000000000000000000000000000000000000
0.0000000000000000000000000000000000000000
0.0000000000000000000000000000000000000000
0.0000000000000000000000000000000000000000
0.2000000029802322387695312500000000000000
1.0000000000000000000000000000000000000000
4.0000000000000000000000000000000000000000
4.0000000000000000000000000000000000000000
3.0000000000000000000000000000000000000000
3.0000000000000000000000000000000000000000
0.7500000000000000000000000000000000000000
0.1500000059604644775390625000000000000000
0.0000000000000000000000000000000000000000
0.0000000000000000000000000000000000000000
0.0000000000000000000000000000000000000000
0.0000000000000000000000000000000000000000
0.0000000000000000000000000000000000000000
0.0000000000000000000000000000000000000000
0.0000000000000000000000000000000000000000
0.0000000000000000000000000000000000000000
0.0000000000000000000000000000000000000000
0.0000000000000000000000000000000000000000
0.0000000000000000000000000000000000000000
0.0000000000000000000000000000000000000000
0.0000000000000000000000000000000000000000
0.0000000000000000000000000000000000000000
0.0000000000000000000000000000000000000000
0.0000000000000000000000000000000000000000
0.0000000000000000000000000000000000000000
0.0000000000000000000000000000000000000000
0.0000000000000000000000000000000000000000
0.0000000000000000000000000000000000000000
0.0000000000000000000000000000000000000000
0.0000000000000000000000000000000000000000
0.0000000000000000000000000000000000000000
0.0000000000000000000000000000000000000000
0.2000000029802322387695312500000000000000
1.0000000000000000000000000000000000000000
4.0000000000000000000000000000000000000000
4.0000000000000000000000000000000000000000
3.0000000000000000000000000000000000000000
3.0000000000000000000000000000000000000000
0.7500000000000000000000000000000000000000
0.1500000059604644775390625000000000000000
0.0000000000000000000000000000000000000000
0.0000000000000000000000000000000000000000
0.0000000000000000000000000000000000000000
0.0000000000000000000000000000000000000000
0.0000000000000000000000000000000000000000
0.0000000000000000000000000000000000000000
0.0000000000000000000000000000000000000000
0.0000000000000000000000000000000000000000
0.0000000000000000000000000000000000000000
0.0000000000000000000000000000000000000000
0.0000000000000000000000000000000000000000
0.0000000000000000000000000000000000000000
0.0000000000000000000000000000000000000000
0.0000000000000000000000000000000000000000
0.0000000000000000000000000000000000000000
0.0000000000000000000000000000000000000000
0.0000000000000000000000000000000000000000
0.0000000000000000000000000000000000000000
0.0000000000000000000000000000000000000000
0.0000000000000000000000000000000000000000
0.0000000000000000000000000000000000000000
0.0000000000000000000000000000000000000000
0.0000000000000000000000000000000000000000
0.0000000000000000000000000000000000000000
0.2000000029802322387695312500000000000000
1.0000000000000000000000000000000000000000
4.0000000000000000000000000000000000000000
4.0000000000000000000000000000000000000000
3.0000000000000000000000000000000000000000
3.0000000000000000000000000000000000000000
0.7500000000000000000000000000000000000000
0.1500000059604644775390625000000000000000
0.0000000000000000000000000000000000000000
0.0000000000000000000000000000000000000000
0.0000000000000000000000000000000000000000
0.0000000000000000000000000000000000000000
0.0000000000000000000000000000000000000000
0.0000000000000000000000000000000000000000
0.0000000000000000000000000000000000000000
0.0000000000000000000000000000000000000000
0.0000000000000000000000000000000000000000
0.0000000000000000000000000000000000000000
0.0000000000000000000000000000000000000000
0.0000000000000000000000000000000000000000
0.0000000000000000000000000000000000000000
0.0000000000000000000000000000000000000000
0.0000000000000000000000000000000000000000
0.0000000000000000000000000000000000000000
0.0000000000000000000000000000000000000000
0.0000000000000000000000000000000000000000
0.0000000000000000000000000000000000000000
0.0000000000000000000000000000000000000000
0.0000000000000000000000000000000000000000
0.0000000000000000000000000000000000000000
0.0000000000000000000000000000000000000000
0.0000000000000000000000000000000000000000
0.2000000029802322387695312500000000000000
1.0000000000000000000000000000000000000000
4.0000000000000000000000000000000000000000
4.0000000000000000000000000000000000000000
3.0000000000000000000000000000000000000000
3.0000000000000000000000000000000000000000
0.7500000000000000000000000000000000000000
0.1500000059604644775390625000000000000000
0.0000000000000000000000000000000000000000
0.0000000000000000000000000000000000000000
0.0000000000000000000000000000000000000000
0.0000000000000000000000000000000000000000
0.0000000000000000000000000000000000000000
0.0000000000000000000000000000000000000000
0.0000000000000000000000000000000000000000
0.0000000000000000000000000000000000000000
0.0000000000000000000000000000000000000000
0.0000000000000000000000000000000000000000
0.0000000000000000000000000000000000000000
0.0000000000000000000000000000000000000000
0.0000000000000000000000000000000000000000
0.0000000000000000000000000000000000000000
0.0000000000000000000000000000000000000000
0.0000000000000000000000000000000000000000
0.0000000000000000000000000000000000000000
0.0000000000000000000000000000000000000000
0.0000000000000000000000000000000000000000
0.0000000000000000000000000000000000000000
0.0000000000000000000000000000000000000000
0.0000000000000000000000000000000000000000
0.0000000000000000000000000000000000000000
0.0000000000000000000000000000000000000000
0.2000000029802322387695312500000000000000
1.0000000000000000000000000000000000000000
4.0000000000000000000000000000000000000000
4.0000000000000000000000000000000000000000
3.0000000000000000000000000000000000000000
3.0000000000000000000000000000000000000000
0.7500000000000000000000000000000000000000
0.1500000059604644775390625000000000000000
0.0000000000000000000000000000000000000000
0.0000000000000000000000000000000000000000
0.0000000000000000000000000000000000000000
0.0000000000000000000000000000000000000000
0.0000000000000000000000000000000000000000
0.0000000000000000000000000000000000000000
0.0000000000000000000000000000000000000000
0.0000000000000000000000000000000000000000
0.0000000000000000000000000000000000000000
0.0000000000000000000000000000000000000000
0.0000000000000000000000000000000000000000
0.0000000000000000000000000000000000000000
0.0000000000000000000000000000000000000000
0.0000000000000000000000000000000000000000
0.0000000000000000000000000000000000000000
0.0000000000000000000000000000000000000000
0.0000000000000000000000000000000000000000
0.0000000000000000000000000000000000000000
0.0000000000000000000000000000000000000000
0.0000000000000000000000000000000000000000
0.0000000000000000000000000000000000000000
0.0000000000000000000000000000000000000000
0.0000000000000000000000000000000000000000
0.0000000000000000000000000000000000000000
0.2000000029802322387695312500000000000000
1.0000000000000000000000000000000000000000
4.0000000000000000000000000000000000000000
4.0000000000000000000000000000000000000000
3.0000000000000000000000000000000000000000
3.0000000000000000000000000000000000000000
0.7500000000000000000000000000000000000000
0.1500000059604644775390625000000000000000
0.0000000000000000000000000000000000000000
0.0000000000000000000000000000000000000000
0.0000000000000000000000000000000000000000
0.0000000000000000000000000000000000000000
0.0000000000000000000000000000000000000000
0.0000000000000000000000000000000000000000
0.0000000000000000000000000000000000000000
0.0000000000000000000000000000000000000000
0.0000000000000000000000000000000000000000
0.0000000000000000000000000000000000000000
0.0000000000000000000000000000000000000000
0.0000000000000000000000000000000000000000
0.0000000000000000000000000000000000000000
0.0000000000000000000000000000000000000000
0.0000000000000000000000000000000000000000
0.0000000000000000000000000000000000000000
0.0000000000000000000000000000000000000000
0.0000000000000000000000000000000000000000
0.0000000000000000000000000000000000000000
0.0000000000000000000000000000000000000000
0.0000000000000000000000000000000000000000
0.0000000000000000000000000000000000000000
0.0000000000000000000000000000000000000000
0.0000000000000000000000000000000000000000
0.2000000029802322387695312500000000000000
1.0000000000000000000000000000000000000000
4.0000000000000000000000000000000000000000
4.0000000000000000000000000000000000000000
3.0000000000000000000000000000000000000000
3.0000000000000000000000000000000000000000
0.7500000000000000000000000000000000000000
0.1500000059604644775390625000000000000000
0.0000000000000000000000000000000000000000
0.0000000000000000000000000000000000000000
0.0000000000000000000000000000000000000000
0.0000000000000000000000000000000000000000
0.0000000000000000000000000000000000000000
0.0000000000000000000000000000000000000000
0.0000000000000000000000000000000000000000
0.0000000000000000000000000000000000000000
0.0000000000000000000000000000000000000000
0.0000000000000000000000000000000000000000
0.0000000000000000000000000000000000000000
0.0000000000000000000000000000000000000000
0.0000000000000000000000000000000000000000
0.0000000000000000000000000000000000000000
0.0000000000000000000000000000000000000000
0.0000000000000000000000000000000000000000
0.0000000000000000000000000000000000000000
0.0000000000000000000000000000000000000000
0.0000000000000000000000000000000000000000
0.0000000000000000000000000000000000000000
0.0000000000000000000000000000000000000000
0.0000000000000000000000000000000000000000
0.0000000000000000000000000000000000000000
0.0000000000000000000000000000000000000000
0.2000000029802322387695312500000000000000
1.0000000000000000000000000000000000000000
4.0000000000000000000000000000000000000000
4.0000000000000000000000000000000000000000
3.0000000000000000000000000000000000000000
3.0000000000000000000000000000000000000000
0.7500000000000000000000000000000000000000
0.1500000059604644775390625000000000000000
0.0000000000000000000000000000000000000000
0.0000000000000000000000000000000000000000
0.0000000000000000000000000000000000000000
0.0000000000000000000000000000000000000000
0.0000000000000000000000000000000000000000
0.0000000000000000000000000000000000000000
0.0000000000000000000000000000000000000000
0.0000000000000000000000000000000000000000
0.0000000000000000000000000000000000000000
0.0000000000000000000000000000000000000000
0.0000000000000000000000000000000000000000
0.0000000000000000000000000000000000000000
0.0000000000000000000000000000000000000000
0.0000000000000000000000000000000000000000
0.0000000000000000000000000000000000000000
0.0000000000000000000000000000000000000000
0.0000000000000000000000000000000000000000
0.0000000000000000000000000000000000000000
0.0000000000000000000000000000000000000000
0.0000000000000000000000000000000000000000
0.0000000000000000000000000000000000000000
0.0000000000000000000000000000000000000000
0.0000000000000000000000000000000000000000
0.0000000000000000000000000000000000000000
0.2000000029802322387695312500000000000000
1.0000000000000000000000000000000000000000
4.0000000000000000000000000000000000000000
4.0000000000000000000000000000000000000000
3.0000000000000000000000000000000000000000
3.0000000000000000000000000000000000000000
0.7500000000000000000000000000000000000000
0.1500000059604644775390625000000000000000
0.0000000000000000000000000000000000000000
0.0000000000000000000000000000000000000000
0.0000000000000000000000000000000000000000
0.0000000000000000000000000000000000000000
0.0000000000000000000000000000000000000000
0.0000000000000000000000000000000000000000
0.0000000000000000000000000000000000000000
0.0000000000000000000000000000000000000000
0.0000000000000000000000000000000000000000
0.0000000000000000000000000000000000000000
0.0000000000000000000000000000000000000000
0.0000000000000000000000000000000000000000
0.0000000000000000000000000000000000000000
0.0000000000000000000000000000000000000000
0.0000000000000000000000000000000000000000
0.0000000000000000000000000000000000000000
0.0000000000000000000000000000000000000000
0.0000000000000000000000000000000000000000
0.0000000000000000000000000000000000000000
0.0000000000000000000000000000000000000000
0.0000000000000000000000000000000000000000
0.0000000000000000000000000000000000000000
0.0000000000000000000000000000000000000000
0.0000000000000000000000000000000000000000
0.2000000029802322387695312500000000000000
1.0000000000000000000000000000000000000000
4.0000000000000000000000000000000000000000
4.0000000000000000000000000000000000000000
3.0000000000000000000000000000000000000000
3.0000000000000000000000000000000000000000
0.7500000000000000000000000000000000000000
0.1500000059604644775390625000000000000000
0.0000000000000000000000000000000000000000
0.0000000000000000000000000000000000000000
0.0000000000000000000000000000000000000000
0.0000000000000000000000000000000000000000
0.0000000000000000000000000000000000000000
0.0000000000000000000000000000000000000000
0.0000000000000000000000000000000000000000
0.0000000000000000000000000000000000000000
0.0000000000000000000000000000000000000000
0.0000000000000000000000000000000000000000
0.0000000000000000000000000000000000000000
0.0000000000000000000000000000000000000000
0.0000000000000000000000000000000000000000
0.0000000000000000000000000000000000000000
0.0000000000000000000000000000000000000000
0.0000000000000000000000000000000000000000
0.0000000000000000000000000000000000000000
0.0000000000000000000000000000000000000000
0.0000000000000000000000000000000000000000
0.0000000000000000000000000000000000000000
0.0000000000000000000000000000000000000000
0.0000000000000000000000000000000000000000
0.0000000000000000000000000000000000000000
0.0000000000000000000000000000000000000000
0.2000000029802322387695312500000000000000
1.0000000000000000000000000000000000000000
4.0000000000000000000000000000000000000000
4.0000000000000000000000000000000000000000
3.0000000000000000000000000000000000000000
3.0000000000000000000000000000000000000000
0.7500000000000000000000000000000000000000
0.1500000059604644775390625000000000000000
0.0000000000000000000000000000000000000000
0.0000000000000000000000000000000000000000
0.0000000000000000000000000000000000000000
0.0000000000000000000000000000000000000000
0.0000000000000000000000000000000000000000
0.0000000000000000000000000000000000000000
0.0000000000000000000000000000000000000000
0.0000000000000000000000000000000000000000
0.0000000000000000000000000000000000000000
0.0000000000000000000000000000000000000000
0.0000000000000000000000000000000000000000
0.0000000000000000000000000000000000000000
0.0000000000000000000000000000000000000000
0.0000000000000000000000000000000000000000
0.0000000000000000000000000000000000000000
0.0000000000000000000000000000000000000000
0.0000000000000000000000000000000000000000
0.0000000000000000000000000000000000000000
0.0000000000000000000000000000000000000000
0.0000000000000000000000000000000000000000
0.0000000000000000000000000000000000000000
0.0000000000000000000000000000000000000000
0.0000000000000000000000000000000000000000
0.0000000000000000000000000000000000000000
0.2000000029802322387695312500000000000000
1.0000000000000000000000000000000000000000
4.0000000000000000000000000000000000000000
4.0000000000000000000000000000000000000000
3.0000000000000000000000000000000000000000
3.0000000000000000000000000000000000000000
0.7500000000000000000000000000000000000000
0.1500000059604644775390625000000000000000
0.0000000000000000000000000000000000000000
0.0000000000000000000000000000000000000000
0.0000000000000000000000000000000000000000
0.0000000000000000000000000000000000000000
0.0000000000000000000000000000000000000000
0.0000000000000000000000000000000000000000
0.0000000000000000000000000000000000000000
0.0000000000000000000000000000000000000000
0.0000000000000000000000000000000000000000
0.0000000000000000000000000000000000000000
0.0000000000000000000000000000000000000000
0.0000000000000000000000000000000000000000
0.0000000000000000000000000000000000000000
0.0000000000000000000000000000000000000000
0.0000000000000000000000000000000000000000
0.0000000000000000000000000000000000000000
0.0000000000000000000000000000000000000000
0.0000000000000000000000000000000000000000
0.0000000000000000000000000000000000000000
0.0000000000000000000000000000000000000000
0.0000000000000000000000000000000000000000
0.0000000000000000000000000000000000000000
0.0000000000000000000000000000000000000000
0.0000000000000000000000000000000000000000
0.2000000029802322387695312500000000000000
1.0000000000000000000000000000000000000000
4.0000000000000000000000000000000000000000
4.0000000000000000000000000000000000000000
3.0000000000000000000000000000000000000000
3.0000000000000000000000000000000000000000
0.7500000000000000000000000000000000000000
0.1500000059604644775390625000000000000000
0.0000000000000000000000000000000000000000
0.0000000000000000000000000000000000000000
0.0000000000000000000000000000000000000000
0.0000000000000000000000000000000000000000
0.0000000000000000000000000000000000000000
0.0000000000000000000000000000000000000000
0.0000000000000000000000000000000000000000
0.0000000000000000000000000000000000000000
0.0000000000000000000000000000000000000000
0.0000000000000000000000000000000000000000
0.0000000000000000000000000000000000000000
0.0000000000000000000000000000000000000000
0.0000000000000000000000000000000000000000
0.0000000000000000000000000000000000000000
0.0000000000000000000000000000000000000000
0.0000000000000000000000000000000000000000
0.0000000000000000000000000000000000000000
0.0000000000000000000000000000000000000000
0.0000000000000000000000000000000000000000
0.0000000000000000000000000000000000000000
0.0000000000000000000000000000000000000000
0.0000000000000000000000000000000000000000
0.0000000000000000000000000000000000000000
0.0000000000000000000000000000000000000000
0.2000000029802322387695312500000000000000
1.0000000000000000000000000000000000000000
4.0000000000000000000000000000000000000000
4.0000000000000000000000000000000000000000
3.0000000000000000000000000000000000000000
3.0000000000000000000000000000000000000000
0.7500000000000000000000000000000000000000
0.1500000059604644775390625000000000000000
0.0000000000000000000000000000000000000000
0.0000000000000000000000000000000000000000
0.0000000000000000000000000000000000000000
0.0000000000000000000000000000000000000000
0.0000000000000000000000000000000000000000
0.0000000000000000000000000000000000000000
0.0000000000000000000000000000000000000000
0.0000000000000000000000000000000000000000
0.0000000000000000000000000000000000000000
0.0000000000000000000000000000000000000000
0.0000000000000000000000000000000000000000
0.0000000000000000000000000000000000000000
0.0000000000000000000000000000000000000000
0.0000000000000000000000000000000000000000
0.0000000000000000000000000000000000000000
0.0000000000000000000000000000000000000000
0.0000000000000000000000000000000000000000
0.0000000000000000000000000000000000000000
0.0000000000000000000000000000000000000000
0.0000000000000000000000000000000000000000
0.0000000000000000000000000000000000000000
0.0000000000000000000000000000000000000000
0.0000000000000000000000000000000000000000
0.0000000000000000000000000000000000000000
0.2000000029802322387695312500000000000000
1.0000000000000000000000000000000000000000
4.0000000000000000000000000000000000000000
4.0000000000000000000000000000000000000000
3.0000000000000000000000000000000000000000
3.0000000000000000000000000000000000000000
0.7500000000000000000000000000000000000000
0.1500000059604644775390625000000000000000
0.0000000000000000000000000000000000000000
0.0000000000000000000000000000000000000000
0.0000000000000000000000000000000000000000
0.0000000000000000000000000000000000000000
0.0000000000000000000000000000000000000000
0.0000000000000000000000000000000000000000
0.0000000000000000000000000000000000000000
0.0000000000000000000000000000000000000000
0.0000000000000000000000000000000000000000
0.0000000000000000000000000000000000000000
0.0000000000000000000000000000000000000000
0.0000000000000000000000000000000000000000
0.0000000000000000000000000000000000000000
0.0000000000000000000000000000000000000000
0.0000000000000000000000000000000000000000
0.0000000000000000000000000000000000000000
0.0000000000000000000000000000000000000000
0.0000000000000000000000000000000000000000
0.0000000000000000000000000000000000000000
0.0000000000000000000000000000000000000000
0.0000000000000000000000000000000000000000
0.0000000000000000000000000000000000000000
0.0000000000000000000000000000000000000000
0.0000000000000000000000000000000000000000
0.2000000029802322387695312500000000000000
1.0000000000000000000000000000000000000000
4.0000000000000000000000000000000000000000
4.0000000000000000000000000000000000000000
3.0000000000000000000000000000000000000000
3.0000000000000000000000000000000000000000
0.7500000000000000000000000000000000000000
0.1500000059604644775390625000000000000000
0.0000000000000000000000000000000000000000
0.0000000000000000000000000000000000000000
0.0000000000000000000000000000000000000000
0.0000000000000000000000000000000000000000
0.0000000000000000000000000000000000000000
0.0000000000000000000000000000000000000000
0.0000000000000000000000000000000000000000
0.0000000000000000000000000000000000000000
0.0000000000000000000000000000000000000000
0.0000000000000000000000000000000000000000
0.0000000000000000000000000000000000000000
0.0000000000000000000000000000000000000000
0.0000000000000000000000000000000000000000
0.0000000000000000000000000000000000000000
0.0000000000000000000000000000000000000000
0.0000000000000000000000000000000000000000
0.0000000000000000000000000000000000000000
0.0000000000000000000000000000000000000000
0.0000000000000000000000000000000000000000
0.0000000000000000000000000000000000000000
0.0000000000000000000000000000000000000000
0.0000000000000000000000000000000000000000
0.0000000000000000000000000000000000000000
0.0000000000000000000000000000000000000000
0.2000000029802322387695312500000000000000
1.0000000000000000000000000000000000000000
4.0000000000000000000000000000000000000000
4.0000000000000000000000000000000000000000
3.0000000000000000000000000000000000000000
3.0000000000000000000000000000000000000000
0.7500000000000000000000000000000000000000
0.1500000059604644775390625000000000000000
0.0000000000000000000000000000000000000000
0.0000000000000000000000000000000000000000
0.0000000000000000000000000000000000000000
0.0000000000000000000000000000000000000000
0.0000000000000000000000000000000000000000
0.0000000000000000000000000000000000000000
0.0000000000000000000000000000000000000000
0.0000000000000000000000000000000000000000
0.0000000000000000000000000000000000000000
0.0000000000000000000000000000000000000000
0.0000000000000000000000000000000000000000
0.0000000000000000000000000000000000000000
0.0000000000000000000000000000000000000000
0.0000000000000000000000000000000000000000
0.0000000000000000000000000000000000000000
0.0000000000000000000000000000000000000000
0.0000000000000000000000000000000000000000
0.0000000000000000000000000000000000000000
0.0000000000000000000000000000000000000000
0.0000000000000000000000000000000000000000
0.0000000000000000000000000000000000000000
0.0000000000000000000000000000000000000000
0.0000000000000000000000000000000000000000
0.0000000000000000000000000000000000000000
0.2000000029802322387695312500000000000000
1.0000000000000000000000000000000000000000
4.0000000000000000000000000000000000000000
4.0000000000000000000000000000000000000000
3.0000000000000000000000000000000000000000
3.0000000000000000000000000000000000000000
0.7500000000000000000000000000000000000000
0.1500000059604644775390625000000000000000
0.0000000000000000000000000000000000000000
0.0000000000000000000000000000000000000000
0.0000000000000000000000000000000000000000
0.0000000000000000000000000000000000000000
0.0000000000000000000000000000000000000000
0.0000000000000000000000000000000000000000
0.0000000000000000000000000000000000000000
0.0000000000000000000000000000000000000000
0.0000000000000000000000000000000000000000
0.0000000000000000000000000000000000000000
0.0000000000000000000000000000000000000000
0.0000000000000000000000000000000000000000
0.0000000000000000000000000000000000000000
0.0000000000000000000000000000000000000000
0.0000000000000000000000000000000000000000
0.0000000000000000000000000000000000000000
0.0000000000000000000000000000000000000000
0.0000000000000000000000000000000000000000
0.0000000000000000000000000000000000000000
0.0000000000000000000000000000000000000000
0.0000000000000000000000000000000000000000
0.0000000000000000000000000000000000000000
0.0000000000000000000000000000000000000000
0.0000000000000000000000000000000000000000
0.2000000029802322387695312500000000000000
1.0000000000000000000000000000000000000000
4.0000000000000000000000000000000000000000
4.0000000000000000000000000000000000000000
3.0000000000000000000000000000000000000000
3.0000000000000000000000000000000000000000
0.7500000000000000000000000000000000000000
0.1500000059604644775390625000000000000000
0.0000000000000000000000000000000000000000
0.0000000000000000000000000000000000000000
0.0000000000000000000000000000000000000000
0.0000000000000000000000000000000000000000
0.0000000000000000000000000000000000000000
0.0000000000000000000000000000000000000000
0.0000000000000000000000000000000000000000
0.0000000000000000000000000000000000000000
0.0000000000000000000000000000000000000000
0.0000000000000000000000000000000000000000
0.0000000000000000000000000000000000000000
0.0000000000000000000000000000000000000000
0.0000000000000000000000000000000000000000
0.0000000000000000000000000000000000000000
0.0000000000000000000000000000000000000000
0.0000000000000000000000000000000000000000
0.0000000000000000000000000000000000000000
0.0000000000000000000000000000000000000000
0.0000000000000000000000000000000000000000
0.0000000000000000000000000000000000000000
0.0000000000000000000000000000000000000000
0.0000000000000000000000000000000000000000
0.0000000000000000000000000000000000000000
0.0000000000000000000000000000000000000000
0.2000000029802322387695312500000000000000
1.0000000000000000000000000000000000000000
4.0000000000000000000000000000000000000000
4.0000000000000000000000000000000000000000
3.0000000000000000000000000000000000000000
3.0000000000000000000000000000000000000000
0.7500000000000000000000000000000000000000
0.1500000059604644775390625000000000000000
0.0000000000000000000000000000000000000000
0.0000000000000000000000000000000000000000
0.0000000000000000000000000000000000000000
0.0000000000000000000000000000000000000000
0.0000000000000000000000000000000000000000
0.0000000000000000000000000000000000000000
0.0000000000000000000000000000000000000000
0.0000000000000000000000000000000000000000
0.0000000000000000000000000000000000000000
0.0000000000000000000000000000000000000000
0.0000000000000000000000000000000000000000
0.0000000000000000000000000000000000000000
0.0000000000000000000000000000000000000000
0.0000000000000000000000000000000000000000
0.0000000000000000000000000000000000000000
0.0000000000000000000000000000000000000000
0.0000000000000000000000000000000000000000
0.0000000000000000000000000000000000000000
0.0000000000000000000000000000000000000000
0.0000000000000000000000000000000000000000
0.0000000000000000000000000000000000000000
0.0000000000000000000000000000000000000000
0.0000000000000000000000000000000000000000
0.0000000000000000000000000000000000000000
0.2000000029802322387695312500000000000000
1.0000000000000000000000000000000000000000
4.0000000000000000000000000000000000000000
4.0000000000000000000000000000000000000000
3.0000000000000000000000000000000000000000
3.0000000000000000000000000000000000000000
0.7500000000000000000000000000000000000000
0.1500000059604644775390625000000000000000
0.0000000000000000000000000000000000000000
0.0000000000000000000000000000000000000000
0.0000000000000000000000000000000000000000
0.0000000000000000000000000000000000000000
0.0000000000000000000000000000000000000000
0.0000000000000000000000000000000000000000
0.0000000000000000000000000000000000000000
0.0000000000000000000000000000000000000000
0.0000000000000000000000000000000000000000
0.0000000000000000000000000000000000000000
0.0000000000000000000000000000000000000000
0.0000000000000000000000000000000000000000
0.0000000000000000000000000000000000000000
0.0000000000000000000000000000000000000000
0.0000000000000000000000000000000000000000
0.0000000000000000000000000000000000000000
0.0000000000000000000000000000000000000000
0.0000000000000000000000000000000000000000
0.0000000000000000000000000000000000000000
0.0000000000000000000000000000000000000000
0.0000000000000000000000000000000000000000
0.0000000000000000000000000000000000000000
0.0000000000000000000000000000000000000000
0.0000000000000000000000000000000000000000
0.2000000029802322387695312500000000000000
1.0000000000000000000000000000000000000000
4.0000000000000000000000000000000000000000
4.0000000000000000000000000000000000000000
3.0000000000000000000000000000000000000000
3.0000000000000000000000000000000000000000
0.7500000000000000000000000000000000000000
0.1500000059604644775390625000000000000000
0.0000000000000000000000000000000000000000
0.0000000000000000000000000000000000000000
0.0000000000000000000000000000000000000000
0.0000000000000000000000000000000000000000
0.0000000000000000000000000000000000000000
0.0000000000000000000000000000000000000000
0.0000000000000000000000000000000000000000
0.0000000000000000000000000000000000000000
0.0000000000000000000000000000000000000000
0.0000000000000000000000000000000000000000
0.0000000000000000000000000000000000000000
0.0000000000000000000000000000000000000000
0.0000000000000000000000000000000000000000
0.0000000000000000000000000000000000000000
0.0000000000000000000000000000000000000000
0.0000000000000000000000000000000000000000
0.0000000000000000000000000000000000000000
0.0000000000000000000000000000000000000000
0.0000000000000000000000000000000000000000
0.0000000000000000000000000000000000000000
0.0000000000000000000000000000000000000000
0.0000000000000000000000000000000000000000
0.0000000000000000000000000000000000000000
0.0000000000000000000000000000000000000000
0.2000000029802322387695312500000000000000
1.0000000000000000000000000000000000000000
4.0000000000000000000000000000000000000000
4.0000000000000000000000000000000000000000
3.0000000000000000000000000000000000000000
3.0000000000000000000000000000000000000000
0.8500000238418579101562500000000000000000
0.2500000000000000000000000000000000000000
0.1000000014901161193847656250000000000000
0.1000000014901161193847656250000000000000
0.1000000014901161193847656250000000000000
0.1000000014901161193847656250000000000000
0.1000000014901161193847656250000000000000
0.1000000014901161193847656250000000000000
0.1000000014901161193847656250000000000000
0.1000000014901161193847656250000000000000
0.1000000014901161193847656250000000000000
0.1000000014901161193847656250000000000000
0.1000000014901161193847656250000000000000
0.1000000014901161193847656250000000000000
0.1000000014901161193847656250000000000000
0.1000000014901161193847656250000000000000
0.1000000014901161193847656250000000000000
0.1000000014901161193847656250000000000000
0.1000000014901161193847656250000000000000
0.1000000014901161193847656250000000000000
0.1000000014901161193847656250000000000000
0.1000000014901161193847656250000000000000
0.1000000014901161193847656250000000000000
0.1000000014901161193847656250000000000000
0.1000000014901161193847656250000000000000
0.1000000014901161193847656250000000000000
0.3000000119209289550781250000000000000000
1.1000000238418579101562500000000000000000
4.0000000000000000000000000000000000000000
4.0000000000000000000000000000000000000000
3.0000000000000000000000000000000000000000
3.0000000000000000000000000000000000000000
1.2500000000000000000000000000000000000000
0.6499999761581420898437500000000000000000
0.5000000000000000000000000000000000000000
0.5000000000000000000000000000000000000000
0.5000000000000000000000000000000000000000
0.5000000000000000000000000000000000000000
0.5000000000000000000000000000000000000000
0.5000000000000000000000000000000000000000
0.5000000000000000000000000000000000000000
0.5000000000000000000000000000000000000000
0.5000000000000000000000000000000000000000
0.5000000000000000000000000000000000000000
0.5000000000000000000000000000000000000000
0.5000000000000000000000000000000000000000
0.5000000000000000000000000000000000000000
0.5000000000000000000000000000000000000000
0.5000000000000000000000000000000000000000
0.5000000000000000000000000000000000000000
0.5000000000000000000000000000000000000000
0.5000000000000000000000000000000000000000
0.5000000000000000000000000000000000000000
0.5000000000000000000000000000000000000000
0.5000000000000000000000000000000000000000
0.5000000000000000000000000000000000000000
0.5000000000000000000000000000000000000000
0.5000000000000000000000000000000000000000
0.6999999880790710449218750000000000000000
1.5000000000000000000000000000000000000000
4.0000000000000000000000000000000000000000
4.0000000000000000000000000000000000000000
2.0000000000000000000000000000000000000000
2.0000000000000000000000000000000000000000
2.0000000000000000000000000000000000000000
2.0000000000000000000000000000000000000000
2.0000000000000000000000000000000000000000
2.0000000000000000000000000000000000000000
2.0000000000000000000000000000000000000000
2.0000000000000000000000000000000000000000
2.0000000000000000000000000000000000000000
2.0000000000000000000000000000000000000000
2.0000000000000000000000000000000000000000
2.0000000000000000000000000000000000000000
2.0000000000000000000000000000000000000000
2.0000000000000000000000000000000000000000
2.0000000000000000000000000000000000000000
2.0000000000000000000000000000000000000000
2.0000000000000000000000000000000000000000
2.0000000000000000000000000000000000000000
2.0000000000000000000000000000000000000000
2.0000000000000000000000000000000000000000
2.0000000000000000000000000000000000000000
2.0000000000000000000000000000000000000000
2.0000000000000000000000000000000000000000
2.0000000000000000000000000000000000000000
2.0000000000000000000000000000000000000000
2.0000000000000000000000000000000000000000
2.0000000000000000000000000000000000000000
2.0000000000000000000000000000000000000000
2.0000000000000000000000000000000000000000
2.0000000000000000000000000000000000000000
2.0000000000000000000000000000000000000000
2.0000000000000000000000000000000000000000
2.0000000000000000000000000000000000000000
2.0000000000000000000000000000000000000000
2.0000000000000000000000000000000000000000
2.0000000000000000000000000000000000000000
2.0000000000000000000000000000000000000000
2.0000000000000000000000000000000000000000
2.0000000000000000000000000000000000000000
2.0000000000000000000000000000000000000000
2.0000000000000000000000000000000000000000
2.0000000000000000000000000000000000000000
2.0000000000000000000000000000000000000000
2.0000000000000000000000000000000000000000
2.0000000000000000000000000000000000000000
2.0000000000000000000000000000000000000000
2.0000000000000000000000000000000000000000
2.0000000000000000000000000000000000000000
2.0000000000000000000000000000000000000000
2.0000000000000000000000000000000000000000
2.0000000000000000000000000000000000000000
2.0000000000000000000000000000000000000000
2.0000000000000000000000000000000000000000
2.0000000000000000000000000000000000000000
2.0000000000000000000000000000000000000000
2.0000000000000000000000000000000000000000
2.0000000000000000000000000000000000000000
2.0000000000000000000000000000000000000000
2.0000000000000000000000000000000000000000
2.0000000000000000000000000000000000000000
2.0000000000000000000000000000000000000000
2.0000000000000000000000000000000000000000
2.0000000000000000000000000000000000000000
2.0000000000000000000000000000000000000000
