1.0000000000000000000000000000000000000000
1.0000000000000000000000000000000000000000
0.7816390991210937500000000000000000000000
0.6323052644729614257812500000000000000000
0.4823501110076904296875000000000000000000
0.3569430112838745117187500000000000000000
0.2528202533721923828125000000000000000000
0.1715317964553833007812500000000000000000
0.1109334453940391540527343750000000000000
0.0681935027241706848144531250000000000000
0.0396418981254100799560546875000000000000
0.0216691438108682632446289062500000000000
0.0110778482630848884582519531250000000000
0.0052809529006481170654296875000000000000
0.0024454665835946798324584960937500000000
0.0014943230198696255683898925781250000000
0.0020743496716022491455078125000000000000
0.0046244035474956035614013671875000000000
0.0105005800724029541015625000000000000000
0.0221455693244934082031250000000000000000
0.0433372370898723602294921875000000000000
0.0792837440967559814453125000000000000000
0.1363869905471801757812500000000000000000
0.2218668460845947265625000000000000000000
0.3430635929107666015625000000000000000000
0.5056404471397399902343750000000000000000
0.7138860225677490234375000000000000000000
0.9647002220153808593750000000000000000000
1.2646104097366333007812500000000000000000
1.5632781982421875000000000000000000000000
2.0000000000000000000000000000000000000000
2.0000000000000000000000000000000000000000
