1.0000000000000000000000000000000000000000
1.0000000000000000000000000000000000000000
1.0000000000000000000000000000000000000000
1.0000000000000000000000000000000000000000
1.0000000000000000000000000000000000000000
1.0000000000000000000000000000000000000000
1.0000000000000000000000000000000000000000
1.0000000000000000000000000000000000000000
1.0000000000000000000000000000000000000000
1.0000000000000000000000000000000000000000
1.0000000000000000000000000000000000000000
1.0000000000000000000000000000000000000000
1.0000000000000000000000000000000000000000
1.0000000000000000000000000000000000000000
1.0000000000000000000000000000000000000000
1.0000000000000000000000000000000000000000
1.0000000000000000000000000000000000000000
1.0000000000000000000000000000000000000000
1.0000000000000000000000000000000000000000
1.0000000000000000000000000000000000000000
1.0000000000000000000000000000000000000000
1.0000000000000000000000000000000000000000
1.0000000000000000000000000000000000000000
1.0000000000000000000000000000000000000000
1.0000000000000000000000000000000000000000
1.0000000000000000000000000000000000000000
1.0000000000000000000000000000000000000000
1.0000000000000000000000000000000000000000
1.0000000000000000000000000000000000000000
1.0000000000000000000000000000000000000000
1.0000000000000000000000000000000000000000
1.0000000000000000000000000000000000000000
1.0000000000000000000000000000000000000000
1.0000000000000000000000000000000000000000
1.0000000000000000000000000000000000000000
1.0000000000000000000000000000000000000000
1.0000000000000000000000000000000000000000
1.0000000000000000000000000000000000000000
1.0000000000000000000000000000000000000000
1.0000000000000000000000000000000000000000
1.0000000000000000000000000000000000000000
1.0000000000000000000000000000000000000000
1.0000000000000000000000000000000000000000
1.0000000000000000000000000000000000000000
1.0000000000000000000000000000000000000000
1.0000000000000000000000000000000000000000
1.0000000000000000000000000000000000000000
1.0000000000000000000000000000000000000000
1.0000000000000000000000000000000000000000
1.0000000000000000000000000000000000000000
1.0000000000000000000000000000000000000000
1.0000000000000000000000000000000000000000
1.0000000000000000000000000000000000000000
1.0000000000000000000000000000000000000000
1.0000000000000000000000000000000000000000
1.0000000000000000000000000000000000000000
1.0000000000000000000000000000000000000000
1.0000000000000000000000000000000000000000
1.0000000000000000000000000000000000000000
1.0000000000000000000000000000000000000000
1.0000000000000000000000000000000000000000
1.0000000000000000000000000000000000000000
1.0000000000000000000000000000000000000000
1.0000000000000000000000000000000000000000
1.0000000000000000000000000000000000000000
1.0000000000000000000000000000000000000000
1.0000000000000000000000000000000000000000
1.0000000000000000000000000000000000000000
1.0000000000000000000000000000000000000000
1.0000000000000000000000000000000000000000
1.0000000000000000000000000000000000000000
1.0000000000000000000000000000000000000000
1.0000000000000000000000000000000000000000
1.0000000000000000000000000000000000000000
1.0000000000000000000000000000000000000000
1.0000000000000000000000000000000000000000
1.0000000000000000000000000000000000000000
1.0000000000000000000000000000000000000000
1.0000000000000000000000000000000000000000
1.0000000000000000000000000000000000000000
1.0000000000000000000000000000000000000000
1.0000000000000000000000000000000000000000
1.0000000000000000000000000000000000000000
1.0000000000000000000000000000000000000000
1.0000000000000000000000000000000000000000
1.0000000000000000000000000000000000000000
1.0000000000000000000000000000000000000000
1.0000000000000000000000000000000000000000
1.0000000000000000000000000000000000000000
1.0000000000000000000000000000000000000000
1.0000000000000000000000000000000000000000
1.0000000000000000000000000000000000000000
1.0000000000000000000000000000000000000000
1.0000000000000000000000000000000000000000
1.0000000000000000000000000000000000000000
1.0000000000000000000000000000000000000000
1.0000000000000000000000000000000000000000
1.0000000000000000000000000000000000000000
1.0000000000000000000000000000000000000000
1.0000000000000000000000000000000000000000
3.0000000000000000000000000000000000000000
3.0000000000000000000000000000000000000000
3.0000000000000000000000000000000000000000
3.0000000000000000000000000000000000000000
3.0000000000000000000000000000000000000000
3.0000000000000000000000000000000000000000
3.0000000000000000000000000000000000000000
3.0000000000000000000000000000000000000000
3.0000000000000000000000000000000000000000
3.0000000000000000000000000000000000000000
5.0000000000000000000000000000000000000000
2.5040576457977294921875000000000000000000
2.0408198833465576171875000000000000000000
1.8621435165405273437500000000000000000000
1.7966270446777343750000000000000000000000
1.8061805963516235351562500000000000000000
1.8973070383071899414062500000000000000000
2.1281015872955322265625000000000000000000
2.7299337387084960937500000000000000000000
6.0000000000000000000000000000000000000000
5.0000000000000000000000000000000000000000
2.5712535381317138671875000000000000000000
1.8450754880905151367187500000000000000000
1.5398157835006713867187500000000000000000
1.4232239723205566406250000000000000000000
1.4404283761978149414062500000000000000000
1.6021369695663452148437500000000000000000
1.9932036399841308593750000000000000000000
2.9243991374969482421875000000000000000000
6.0000000000000000000000000000000000000000
5.0000000000000000000000000000000000000000
2.5412580966949462890625000000000000000000
1.7618280649185180664062500000000000000000
1.3919190168380737304687500000000000000000
1.2448790073394775390625000000000000000000
1.2669197320938110351562500000000000000000
1.4702028036117553710937500000000000000000
1.9396735429763793945312500000000000000000
2.9192852973937988281250000000000000000000
6.0000000000000000000000000000000000000000
5.0000000000000000000000000000000000000000
2.5253863334655761718750000000000000000000
1.7258837223052978515625000000000000000000
1.3358145952224731445312500000000000000000
1.1765085458755493164062500000000000000000
1.2007311582565307617187500000000000000000
1.4207211732864379882812500000000000000000
1.9127815961837768554687500000000000000000
2.9102840423583984375000000000000000000000
6.0000000000000000000000000000000000000000
5.0000000000000000000000000000000000000000
2.5357358455657958984375000000000000000000
1.7441953420639038085937500000000000000000
1.3587676286697387695312500000000000000000
1.2013657093048095703125000000000000000000
1.2255882024765014648437500000000000000000
1.4436742067337036132812500000000000000000
1.9310929775238037109375000000000000000000
2.9206330776214599609375000000000000000000
6.0000000000000000000000000000000000000000
5.0000000000000000000000000000000000000000
2.5799942016601562500000000000000000000000
1.8285830020904541015625000000000000000000
1.4733910560607910156250000000000000000000
1.3315030336380004882812500000000000000000
1.3535436391830444335937500000000000000000
1.5516748428344726562500000000000000000000
2.0064284801483154296875000000000000000000
2.9580214023590087890625000000000000000000
6.0000000000000000000000000000000000000000
5.0000000000000000000000000000000000000000
2.6711795330047607421875000000000000000000
2.0069947242736816406250000000000000000000
1.7223556041717529296875000000000000000000
1.6123008728027343750000000000000000000000
1.6295053958892822265625000000000000000000
1.7846769094467163085937500000000000000000
2.1551229953765869140625000000000000000000
3.0243253707885742187500000000000000000000
6.0000000000000000000000000000000000000000
5.0000000000000000000000000000000000000000
2.8158566951751708984375000000000000000000
2.4066500663757324218750000000000000000000
2.2439527511596679687500000000000000000000
2.1830694675445556640625000000000000000000
2.1926229000091552734375000000000000000000
2.2791163921356201171875000000000000000000
2.4939320087432861328125000000000000000000
3.0417327880859375000000000000000000000000
6.0000000000000000000000000000000000000000
4.0000000000000000000000000000000000000000
4.0000000000000000000000000000000000000000
4.0000000000000000000000000000000000000000
4.0000000000000000000000000000000000000000
4.0000000000000000000000000000000000000000
4.0000000000000000000000000000000000000000
4.0000000000000000000000000000000000000000
4.0000000000000000000000000000000000000000
4.0000000000000000000000000000000000000000
4.0000000000000000000000000000000000000000
3.0000000000000000000000000000000000000000
3.0000000000000000000000000000000000000000
3.0000000000000000000000000000000000000000
3.0000000000000000000000000000000000000000
3.0000000000000000000000000000000000000000
3.0000000000000000000000000000000000000000
3.0000000000000000000000000000000000000000
3.0000000000000000000000000000000000000000
3.0000000000000000000000000000000000000000
3.0000000000000000000000000000000000000000
5.0000000000000000000000000000000000000000
3.3377916812896728515625000000000000000000
2.6698377132415771484375000000000000000000
2.3791859149932861328125000000000000000000
2.2658903598785400390625000000000000000000
2.2830946445465087890625000000000000000000
2.4415068626403808593750000000000000000000
2.8179657459259033203125000000000000000000
3.6909372806549072265625000000000000000000
6.0000000000000000000000000000000000000000
5.0000000000000000000000000000000000000000
3.4800612926483154296875000000000000000000
2.4272294044494628906250000000000000000000
1.9283659458160400390625000000000000000000
1.7263860702514648437500000000000000000000
1.7573851346969604492187500000000000000000
2.0389356613159179687500000000000000000000
2.6793332099914550781250000000000000000000
4.0344991683959960937500000000000000000000
6.0000000000000000000000000000000000000000
5.0000000000000000000000000000000000000000
3.4368116855621337890625000000000000000000
2.2978508472442626953125000000000000000000
1.6901490688323974609375000000000000000000
1.4348723888397216796875000000000000000000
1.4746099710464477539062500000000000000000
1.8292242288589477539062500000000000000000
2.6014852523803710937500000000000000000000
4.0340418815612792968750000000000000000000
6.0000000000000000000000000000000000000000
5.0000000000000000000000000000000000000000
3.4102115631103515625000000000000000000000
2.2367587089538574218750000000000000000000
1.5937494039535522460937500000000000000000
1.3168222904205322265625000000000000000000
1.3605128526687622070312500000000000000000
1.7447305917739868164062500000000000000000
2.5565783977508544921875000000000000000000
4.0196743011474609375000000000000000000000
6.0000000000000000000000000000000000000000
5.0000000000000000000000000000000000000000
3.4288401603698730468750000000000000000000
2.2697434425354003906250000000000000000000
1.6351329088211059570312500000000000000000
1.3616663217544555664062500000000000000000
1.4053571224212646484375000000000000000000
1.7861139774322509765625000000000000000000
2.5895628929138183593750000000000000000000
4.0383028984069824218750000000000000000000
6.0000000000000000000000000000000000000000
5.0000000000000000000000000000000000000000
3.5053935050964355468750000000000000000000
2.4162333011627197265625000000000000000000
1.8348950147628784179687500000000000000000
1.5889710187911987304687500000000000000000
1.6287084817886352539062500000000000000000
1.9739702939987182617187500000000000000000
2.7198672294616699218750000000000000000000
4.1026234626770019531250000000000000000000
6.0000000000000000000000000000000000000000
5.0000000000000000000000000000000000000000
3.6492364406585693359375000000000000000000
2.7024395465850830078125000000000000000000
2.2402923107147216796875000000000000000000
2.0501527786254882812500000000000000000000
2.0811519622802734375000000000000000000000
2.3508622646331787109375000000000000000000
2.9545431137084960937500000000000000000000
4.2036743164062500000000000000000000000000
6.0000000000000000000000000000000000000000
5.0000000000000000000000000000000000000000
3.8216717243194580078125000000000000000000
3.2453963756561279296875000000000000000000
2.9830622673034667968750000000000000000000
2.8781461715698242187500000000000000000000
2.8953506946563720703125000000000000000000
3.0453836917877197265625000000000000000000
3.3935244083404541015625000000000000000000
4.1748175621032714843750000000000000000000
6.0000000000000000000000000000000000000000
4.0000000000000000000000000000000000000000
4.0000000000000000000000000000000000000000
4.0000000000000000000000000000000000000000
4.0000000000000000000000000000000000000000
4.0000000000000000000000000000000000000000
4.0000000000000000000000000000000000000000
4.0000000000000000000000000000000000000000
4.0000000000000000000000000000000000000000
4.0000000000000000000000000000000000000000
4.0000000000000000000000000000000000000000
3.0000000000000000000000000000000000000000
3.0000000000000000000000000000000000000000
3.0000000000000000000000000000000000000000
3.0000000000000000000000000000000000000000
3.0000000000000000000000000000000000000000
3.0000000000000000000000000000000000000000
3.0000000000000000000000000000000000000000
3.0000000000000000000000000000000000000000
3.0000000000000000000000000000000000000000
3.0000000000000000000000000000000000000000
5.0000000000000000000000000000000000000000
3.4808549880981445312500000000000000000000
2.8595752716064453125000000000000000000000
2.5274522304534912109375000000000000000000
2.3897924423217773437500000000000000000000
2.4118335247039794921875000000000000000000
2.6057362556457519531250000000000000000000
3.0374205112457275390625000000000000000000
3.8588819503784179687500000000000000000000
6.0000000000000000000000000000000000000000
5.0000000000000000000000000000000000000000
3.6951746940612792968750000000000000000000
2.7055249214172363281250000000000000000000
2.1325666904449462890625000000000000000000
1.8865778446197509765625000000000000000000
1.9263154268264770507812500000000000000000
2.2716422080993652343750000000000000000000
3.0091595649719238281250000000000000000000
4.2924051284790039062500000000000000000000
6.0000000000000000000000000000000000000000
5.0000000000000000000000000000000000000000
3.6535170078277587890625000000000000000000
2.5664994716644287109375000000000000000000
1.8644198179244995117187500000000000000000
1.5526517629623413085937500000000000000000
1.6036301851272583007812500000000000000000
2.0396418571472167968750000000000000000000
2.9334948062896728515625000000000000000000
4.3028674125671386718750000000000000000000
6.0000000000000000000000000000000000000000
5.0000000000000000000000000000000000000000
3.6227209568023681640625000000000000000000
2.4942555427551269531250000000000000000000
1.7486094236373901367187500000000000000000
1.4098411798477172851562500000000000000000
1.4659211635589599609375000000000000000000
1.9390511512756347656250000000000000000000
2.8818051815032958984375000000000000000000
4.2875247001647949218750000000000000000000
6.0000000000000000000000000000000000000000
5.0000000000000000000000000000000000000000
3.6465728282928466796875000000000000000000
2.5365259647369384765625000000000000000000
1.8017004728317260742187500000000000000000
1.4674156904220581054687500000000000000000
1.5234957933425903320312500000000000000000
1.9921424388885498046875000000000000000000
2.9240748882293701171875000000000000000000
4.3113756179809570312500000000000000000000
6.0000000000000000000000000000000000000000
5.0000000000000000000000000000000000000000
3.7395522594451904296875000000000000000000
2.7153153419494628906250000000000000000000
2.0467951297760009765625000000000000000000
1.7471264600753784179687500000000000000000
1.7981050014495849609375000000000000000000
2.2220172882080078125000000000000000000000
3.0823104381561279296875000000000000000000
4.3889026641845703125000000000000000000000
6.0000000000000000000000000000000000000000
5.0000000000000000000000000000000000000000
3.8977334499359130859375000000000000000000
3.0365025997161865234375000000000000000000
2.5099334716796875000000000000000000000000
2.2792189121246337890625000000000000000000
2.3189566135406494140625000000000000000000
2.6490087509155273437500000000000000000000
3.3401367664337158203125000000000000000000
4.4949636459350585937500000000000000000000
6.0000000000000000000000000000000000000000
5.0000000000000000000000000000000000000000
3.9928951263427734375000000000000000000000
3.4816160202026367187500000000000000000000
3.1850616931915283203125000000000000000000
3.0581922531127929687500000000000000000000
3.0802326202392578125000000000000000000000
3.2633454799652099609375000000000000000000
3.6594617366790771484375000000000000000000
4.3709225654602050781250000000000000000000
6.0000000000000000000000000000000000000000
4.0000000000000000000000000000000000000000
4.0000000000000000000000000000000000000000
4.0000000000000000000000000000000000000000
4.0000000000000000000000000000000000000000
4.0000000000000000000000000000000000000000
4.0000000000000000000000000000000000000000
4.0000000000000000000000000000000000000000
4.0000000000000000000000000000000000000000
4.0000000000000000000000000000000000000000
4.0000000000000000000000000000000000000000
3.0000000000000000000000000000000000000000
3.0000000000000000000000000000000000000000
3.0000000000000000000000000000000000000000
3.0000000000000000000000000000000000000000
3.0000000000000000000000000000000000000000
3.0000000000000000000000000000000000000000
3.0000000000000000000000000000000000000000
3.0000000000000000000000000000000000000000
3.0000000000000000000000000000000000000000
3.0000000000000000000000000000000000000000
5.0000000000000000000000000000000000000000
3.5204577445983886718750000000000000000000
2.9170908927917480468750000000000000000000
2.5824997425079345703125000000000000000000
2.4374022483825683593750000000000000000000
2.4616246223449707031250000000000000000000
2.6674063205718994140625000000000000000000
3.1039881706237792968750000000000000000000
3.9053554534912109375000000000000000000000
6.0000000000000000000000000000000000000000
5.0000000000000000000000000000000000000000
3.7586581707000732421875000000000000000000
2.7962906360626220703125000000000000000000
2.2168865203857421875000000000000000000000
1.9571845531463623046875000000000000000000
2.0008752346038818359375000000000000000000
2.3678674697875976562500000000000000000000
3.1161103248596191406250000000000000000000
4.3681206703186035156250000000000000000000
6.0000000000000000000000000000000000000000
5.0000000000000000000000000000000000000000
3.7242870330810546875000000000000000000000
2.6654965877532958984375000000000000000000
1.9524345397949218750000000000000000000000
1.6226485967636108398437500000000000000000
1.6787285804748535156250000000000000000000
2.1428761482238769531250000000000000000000
3.0530459880828857421875000000000000000000
4.3890895843505859375000000000000000000000
6.0000000000000000000000000000000000000000
5.0000000000000000000000000000000000000000
3.6935603618621826171875000000000000000000
2.5918059349060058593750000000000000000000
1.8324620723724365234375000000000000000000
1.4737185239791870117187500000000000000000
1.5354341268539428710937500000000000000000
2.0396103858947753906250000000000000000000
3.0018162727355957031250000000000000000000
4.3751883506774902343750000000000000000000
6.0000000000000000000000000000000000000000
5.0000000000000000000000000000000000000000
3.7197628021240234375000000000000000000000
2.6382703781127929687500000000000000000000
1.8908666372299194335937500000000000000000
1.5370895862579345703125000000000000000000
1.5988053083419799804687500000000000000000
2.0980153083801269531250000000000000000000
3.0482809543609619140625000000000000000000
4.4013910293579101562500000000000000000000
6.0000000000000000000000000000000000000000
5.0000000000000000000000000000000000000000
3.8175165653228759765625000000000000000000
2.8269870281219482421875000000000000000000
2.1506574153900146484375000000000000000000
1.8342596292495727539062500000000000000000
1.8903399705886840820312500000000000000000
2.3410992622375488281250000000000000000000
3.2145369052886962890625000000000000000000
4.4823193550109863281250000000000000000000
6.0000000000000000000000000000000000000000
5.0000000000000000000000000000000000000000
3.9711019992828369140625000000000000000000
3.1445407867431640625000000000000000000000
2.6156518459320068359375000000000000000000
2.3728179931640625000000000000000000000000
2.4165089130401611328125000000000000000000
2.7666332721710205078125000000000000000000
3.4643602371215820312500000000000000000000
4.5805649757385253906250000000000000000000
6.0000000000000000000000000000000000000000
5.0000000000000000000000000000000000000000
4.0400323867797851562500000000000000000000
3.5522091388702392578125000000000000000000
3.2561938762664794921875000000000000000000
3.1229979991912841796875000000000000000000
3.1472203731536865234375000000000000000000
3.3411006927490234375000000000000000000000
3.7391068935394287109375000000000000000000
4.4249305725097656250000000000000000000000
6.0000000000000000000000000000000000000000
4.0000000000000000000000000000000000000000
4.0000000000000000000000000000000000000000
4.0000000000000000000000000000000000000000
4.0000000000000000000000000000000000000000
4.0000000000000000000000000000000000000000
4.0000000000000000000000000000000000000000
4.0000000000000000000000000000000000000000
4.0000000000000000000000000000000000000000
4.0000000000000000000000000000000000000000
4.0000000000000000000000000000000000000000
3.0000000000000000000000000000000000000000
3.0000000000000000000000000000000000000000
3.0000000000000000000000000000000000000000
3.0000000000000000000000000000000000000000
3.0000000000000000000000000000000000000000
3.0000000000000000000000000000000000000000
3.0000000000000000000000000000000000000000
3.0000000000000000000000000000000000000000
3.0000000000000000000000000000000000000000
3.0000000000000000000000000000000000000000
5.0000000000000000000000000000000000000000
3.5316731929779052734375000000000000000000
2.9369223117828369140625000000000000000000
2.6073389053344726562500000000000000000000
2.4642870426177978515625000000000000000000
2.4885091781616210937500000000000000000000
2.6922454833984375000000000000000000000000
3.1238200664520263671875000000000000000000
3.9165709018707275390625000000000000000000
6.0000000000000000000000000000000000000000
5.0000000000000000000000000000000000000000
3.7784898281097412109375000000000000000000
2.8313930034637451171875000000000000000000
2.2609066963195800781250000000000000000000
2.0048716068267822265625000000000000000000
2.0485622882843017578125000000000000000000
2.4118881225585937500000000000000000000000
3.1512129306793212890625000000000000000000
4.3879528045654296875000000000000000000000
6.0000000000000000000000000000000000000000
5.0000000000000000000000000000000000000000
3.7491254806518554687500000000000000000000
2.7095167636871337890625000000000000000000
2.0077252388000488281250000000000000000000
1.6826097965240478515625000000000000000000
1.7386902570724487304687500000000000000000
2.1981668472290039062500000000000000000000
3.0970666408538818359375000000000000000000
4.4139289855957031250000000000000000000000
6.0000000000000000000000000000000000000000
5.0000000000000000000000000000000000000000
3.7204442024230957031250000000000000000000
2.6394925117492675781250000000000000000000
1.8924235105514526367187500000000000000000
1.5387945175170898437500000000000000000000
1.6005101203918457031250000000000000000000
2.0995721817016601562500000000000000000000
3.0495038032531738281250000000000000000000
4.4020729064941406250000000000000000000000
6.0000000000000000000000000000000000000000
5.0000000000000000000000000000000000000000
3.7466471195220947265625000000000000000000
2.6859576702117919921875000000000000000000
1.9508279561996459960937500000000000000000
1.6021654605865478515625000000000000000000
1.6638811826705932617187500000000000000000
2.1579768657684326171875000000000000000000
3.0959684848785400390625000000000000000000
4.4282755851745605468750000000000000000000
6.0000000000000000000000000000000000000000
5.0000000000000000000000000000000000000000
3.8423554897308349609375000000000000000000
2.8710079193115234375000000000000000000000
2.2059485912322998046875000000000000000000
1.8942214250564575195312500000000000000000
1.9503018856048583984375000000000000000000
2.3963901996612548828125000000000000000000
3.2585570812225341796875000000000000000000
4.5071582794189453125000000000000000000000
6.0000000000000000000000000000000000000000
5.0000000000000000000000000000000000000000
3.9909348487854003906250000000000000000000
3.1796433925628662109375000000000000000000
2.6596724987030029296875000000000000000000
2.4205052852630615234375000000000000000000
2.4641962051391601562500000000000000000000
2.8106534481048583984375000000000000000000
3.4994623661041259765625000000000000000000
4.6003961563110351562500000000000000000000
6.0000000000000000000000000000000000000000
5.0000000000000000000000000000000000000000
4.0512485504150390625000000000000000000000
3.5720407962799072265625000000000000000000
3.2810330390930175781250000000000000000000
3.1498827934265136718750000000000000000000
3.1741049289703369140625000000000000000000
3.3659393787384033203125000000000000000000
3.7589383125305175781250000000000000000000
4.4361453056335449218750000000000000000000
6.0000000000000000000000000000000000000000
4.0000000000000000000000000000000000000000
4.0000000000000000000000000000000000000000
4.0000000000000000000000000000000000000000
4.0000000000000000000000000000000000000000
4.0000000000000000000000000000000000000000
4.0000000000000000000000000000000000000000
4.0000000000000000000000000000000000000000
4.0000000000000000000000000000000000000000
4.0000000000000000000000000000000000000000
4.0000000000000000000000000000000000000000
3.0000000000000000000000000000000000000000
3.0000000000000000000000000000000000000000
3.0000000000000000000000000000000000000000
3.0000000000000000000000000000000000000000
3.0000000000000000000000000000000000000000
3.0000000000000000000000000000000000000000
3.0000000000000000000000000000000000000000
3.0000000000000000000000000000000000000000
3.0000000000000000000000000000000000000000
3.0000000000000000000000000000000000000000
5.0000000000000000000000000000000000000000
3.5235705375671386718750000000000000000000
2.9330687522888183593750000000000000000000
2.6169881820678710937500000000000000000000
2.4848692417144775390625000000000000000000
2.5069100856781005859375000000000000000000
2.6952722072601318359375000000000000000000
3.1109142303466796875000000000000000000000
3.9015972614288330078125000000000000000000
6.0000000000000000000000000000000000000000
5.0000000000000000000000000000000000000000
3.7686681747436523437500000000000000000000
2.8322966098785400390625000000000000000000
2.2874472141265869140625000000000000000000
2.0513734817504882812500000000000000000000
2.0911111831665039062500000000000000000000
2.4265227317810058593750000000000000000000
3.1359310150146484375000000000000000000000
4.3658981323242187500000000000000000000000
6.0000000000000000000000000000000000000000
5.0000000000000000000000000000000000000000
3.7430531978607177734375000000000000000000
2.7213802337646484375000000000000000000000
2.0542407035827636718750000000000000000000
1.7550759315490722656250000000000000000000
1.8060544729232788085937500000000000000000
2.2294626235961914062500000000000000000000
3.0883753299713134765625000000000000000000
4.3924031257629394531250000000000000000000
6.0000000000000000000000000000000000000000
5.0000000000000000000000000000000000000000
3.7177979946136474609375000000000000000000
2.6590511798858642578125000000000000000000
1.9510337114334106445312500000000000000000
1.6260457038879394531250000000000000000000
1.6821256875991821289062500000000000000000
2.1414752006530761718750000000000000000000
3.0466008186340332031250000000000000000000
4.3826007843017578125000000000000000000000
6.0000000000000000000000000000000000000000
5.0000000000000000000000000000000000000000
3.7416498661041259765625000000000000000000
2.7013208866119384765625000000000000000000
2.0041246414184570312500000000000000000000
1.6836204528808593750000000000000000000000
1.7397004365921020507812500000000000000000
2.1945660114288330078125000000000000000000
3.0888707637786865234375000000000000000000
4.4064526557922363281250000000000000000000
6.0000000000000000000000000000000000000000
5.0000000000000000000000000000000000000000
3.8290882110595703125000000000000000000000
2.8701961040496826171875000000000000000000
2.2366161346435546875000000000000000000000
1.9495505094528198242187500000000000000000
2.0005290508270263671875000000000000000000
2.4118378162384033203125000000000000000000
3.2371914386749267578125000000000000000000
4.4784383773803710937500000000000000000000
6.0000000000000000000000000000000000000000
5.0000000000000000000000000000000000000000
3.9712266921997070312500000000000000000000
3.1632740497589111328125000000000000000000
2.6648137569427490234375000000000000000000
2.4440143108367919921875000000000000000000
2.4837520122528076171875000000000000000000
2.8038897514343261718750000000000000000000
3.4669084548950195312500000000000000000000
4.5684566497802734375000000000000000000000
6.0000000000000000000000000000000000000000
5.0000000000000000000000000000000000000000
4.0356101989746093750000000000000000000000
3.5551092624664306640625000000000000000000
3.2745974063873291015625000000000000000000
3.1532685756683349609375000000000000000000
3.1753094196319580078125000000000000000000
3.3528811931610107421875000000000000000000
3.7329545021057128906250000000000000000000
4.4136376380920410156250000000000000000000
6.0000000000000000000000000000000000000000
4.0000000000000000000000000000000000000000
4.0000000000000000000000000000000000000000
4.0000000000000000000000000000000000000000
4.0000000000000000000000000000000000000000
4.0000000000000000000000000000000000000000
4.0000000000000000000000000000000000000000
4.0000000000000000000000000000000000000000
4.0000000000000000000000000000000000000000
4.0000000000000000000000000000000000000000
4.0000000000000000000000000000000000000000
3.0000000000000000000000000000000000000000
3.0000000000000000000000000000000000000000
3.0000000000000000000000000000000000000000
3.0000000000000000000000000000000000000000
3.0000000000000000000000000000000000000000
3.0000000000000000000000000000000000000000
3.0000000000000000000000000000000000000000
3.0000000000000000000000000000000000000000
3.0000000000000000000000000000000000000000
3.0000000000000000000000000000000000000000
5.0000000000000000000000000000000000000000
3.4524333477020263671875000000000000000000
2.8549733161926269531250000000000000000000
2.5869333744049072265625000000000000000000
2.4806828498840332031250000000000000000000
2.4978876113891601562500000000000000000000
2.6492540836334228515625000000000000000000
3.0031018257141113281250000000000000000000
3.8055791854858398437500000000000000000000
6.0000000000000000000000000000000000000000
5.0000000000000000000000000000000000000000
3.6651971340179443359375000000000000000000
2.7278513908386230468750000000000000000000
2.2682385444641113281250000000000000000000
2.0788247585296630859375000000000000000000
2.1098237037658691406250000000000000000000
2.3788080215454101562500000000000000000000
2.9799549579620361328125000000000000000000
4.2196354866027832031250000000000000000000
6.0000000000000000000000000000000000000000
5.0000000000000000000000000000000000000000
3.6445591449737548828125000000000000000000
2.6377236843109130859375000000000000000000
2.0783078670501708984375000000000000000000
1.8389406204223632812500000000000000000000
1.8786784410476684570312500000000000000000
2.2173831462860107421875000000000000000000
2.9413573741912841796875000000000000000000
4.2417888641357421875000000000000000000000
6.0000000000000000000000000000000000000000
5.0000000000000000000000000000000000000000
3.6250042915344238281250000000000000000000
2.5891966819763183593750000000000000000000
1.9978178739547729492187500000000000000000
1.7382382154464721679687500000000000000000
1.7819288969039916992187500000000000000000
2.1487989425659179687500000000000000000000
2.9090163707733154296875000000000000000000
4.2344670295715332031250000000000000000000
6.0000000000000000000000000000000000000000
5.0000000000000000000000000000000000000000
3.6436331272125244140625000000000000000000
2.6221818923950195312500000000000000000000
2.0392014980316162109375000000000000000000
1.7830824851989746093750000000000000000000
1.8267730474472045898437500000000000000000
2.1901822090148925781250000000000000000000
2.9420015811920166015625000000000000000000
4.2530956268310546875000000000000000000000
6.0000000000000000000000000000000000000000
5.0000000000000000000000000000000000000000
3.7131404876708984375000000000000000000000
2.7561054229736328125000000000000000000000
2.2230536937713623046875000000000000000000
1.9930391311645507812500000000000000000000
2.0327768325805664062500000000000000000000
2.3621294498443603515625000000000000000000
3.0597395896911621093750000000000000000000
4.3103704452514648437500000000000000000000
6.0000000000000000000000000000000000000000
5.0000000000000000000000000000000000000000
3.8343720436096191406250000000000000000000
3.0030612945556640625000000000000000000000
2.5801641941070556640625000000000000000000
2.4025909900665283203125000000000000000000
2.4335901737213134765625000000000000000000
2.6907343864440917968750000000000000000000
3.2551648616790771484375000000000000000000
4.3888096809387207031250000000000000000000
6.0000000000000000000000000000000000000000
5.0000000000000000000000000000000000000000
3.9363126754760742187500000000000000000000
3.4305317401885986328125000000000000000000
3.1908090114593505859375000000000000000000
3.0929384231567382812500000000000000000000
3.1101429462432861328125000000000000000000
3.2531301975250244140625000000000000000000
3.5786602497100830078125000000000000000000
4.2894587516784667968750000000000000000000
6.0000000000000000000000000000000000000000
4.0000000000000000000000000000000000000000
4.0000000000000000000000000000000000000000
4.0000000000000000000000000000000000000000
4.0000000000000000000000000000000000000000
4.0000000000000000000000000000000000000000
4.0000000000000000000000000000000000000000
4.0000000000000000000000000000000000000000
4.0000000000000000000000000000000000000000
4.0000000000000000000000000000000000000000
4.0000000000000000000000000000000000000000
3.0000000000000000000000000000000000000000
3.0000000000000000000000000000000000000000
3.0000000000000000000000000000000000000000
3.0000000000000000000000000000000000000000
3.0000000000000000000000000000000000000000
3.0000000000000000000000000000000000000000
3.0000000000000000000000000000000000000000
3.0000000000000000000000000000000000000000
3.0000000000000000000000000000000000000000
3.0000000000000000000000000000000000000000
5.0000000000000000000000000000000000000000
2.9408168792724609375000000000000000000000
2.5394573211669921875000000000000000000000
2.3783853054046630859375000000000000000000
2.3178687095642089843750000000000000000000
2.3274221420288085937500000000000000000000
2.4135487079620361328125000000000000000000
2.6267390251159667968750000000000000000000
3.1666932106018066406250000000000000000000
6.0000000000000000000000000000000000000000
5.0000000000000000000000000000000000000000
3.0698909759521484375000000000000000000000
2.4439280033111572265625000000000000000000
2.1690011024475097656250000000000000000000
2.0613086223602294921875000000000000000000
2.0785133838653564453125000000000000000000
2.2313222885131835937500000000000000000000
2.5920560359954833984375000000000000000000
3.4230368137359619140625000000000000000000
6.0000000000000000000000000000000000000000
5.0000000000000000000000000000000000000000
3.0574998855590820312500000000000000000000
2.3910136222839355468750000000000000000000
2.0581207275390625000000000000000000000000
1.9223191738128662109375000000000000000000
1.9443597793579101562500000000000000000000
2.1364042758941650390625000000000000000000
2.5688586235046386718750000000000000000000
3.4355266094207763671875000000000000000000
6.0000000000000000000000000000000000000000
5.0000000000000000000000000000000000000000
3.0466282367706298828125000000000000000000
2.3639683723449707031250000000000000000000
2.0132548809051513671875000000000000000000
1.8661820888519287109375000000000000000000
1.8904045820236206054687500000000000000000
2.0981614589691162109375000000000000000000
2.5508663654327392578125000000000000000000
3.4315259456634521484375000000000000000000
6.0000000000000000000000000000000000000000
5.0000000000000000000000000000000000000000
3.0569772720336914062500000000000000000000
2.3822798728942871093750000000000000000000
2.0362079143524169921875000000000000000000
1.8910392522811889648437500000000000000000
1.9152618646621704101562500000000000000000
2.1211147308349609375000000000000000000000
2.5691776275634765625000000000000000000000
3.4418749809265136718750000000000000000000
6.0000000000000000000000000000000000000000
5.0000000000000000000000000000000000000000
3.0962359905242919921875000000000000000000
2.4577682018280029296875000000000000000000
2.1395928859710693359375000000000000000000
2.0089433193206787109375000000000000000000
2.0309839248657226562500000000000000000000
2.2178766727447509765625000000000000000000
2.6356139183044433593750000000000000000000
3.4742631912231445312500000000000000000000
6.0000000000000000000000000000000000000000
5.0000000000000000000000000000000000000000
3.1698167324066162109375000000000000000000
2.6058471202850341796875000000000000000000
2.3515410423278808593750000000000000000000
2.2503857612609863281250000000000000000000
2.2675902843475341796875000000000000000000
2.4138619899749755859375000000000000000000
2.7539751529693603515625000000000000000000
3.5229625701904296875000000000000000000000
6.0000000000000000000000000000000000000000
5.0000000000000000000000000000000000000000
3.2526159286499023437500000000000000000000
2.9052875041961669921875000000000000000000
2.7601943016052246093750000000000000000000
2.7043108940124511718750000000000000000000
2.7138643264770507812500000000000000000000
2.7953577041625976562500000000000000000000
2.9925689697265625000000000000000000000000
3.4784917831420898437500000000000000000000
6.0000000000000000000000000000000000000000
4.0000000000000000000000000000000000000000
4.0000000000000000000000000000000000000000
4.0000000000000000000000000000000000000000
4.0000000000000000000000000000000000000000
4.0000000000000000000000000000000000000000
4.0000000000000000000000000000000000000000
4.0000000000000000000000000000000000000000
4.0000000000000000000000000000000000000000
4.0000000000000000000000000000000000000000
4.0000000000000000000000000000000000000000
2.0000000000000000000000000000000000000000
2.0000000000000000000000000000000000000000
2.0000000000000000000000000000000000000000
2.0000000000000000000000000000000000000000
2.0000000000000000000000000000000000000000
2.0000000000000000000000000000000000000000
2.0000000000000000000000000000000000000000
2.0000000000000000000000000000000000000000
2.0000000000000000000000000000000000000000
2.0000000000000000000000000000000000000000
2.0000000000000000000000000000000000000000
2.0000000000000000000000000000000000000000
2.0000000000000000000000000000000000000000
2.0000000000000000000000000000000000000000
2.0000000000000000000000000000000000000000
2.0000000000000000000000000000000000000000
2.0000000000000000000000000000000000000000
2.0000000000000000000000000000000000000000
2.0000000000000000000000000000000000000000
2.0000000000000000000000000000000000000000
2.0000000000000000000000000000000000000000
2.0000000000000000000000000000000000000000
2.0000000000000000000000000000000000000000
2.0000000000000000000000000000000000000000
2.0000000000000000000000000000000000000000
2.0000000000000000000000000000000000000000
2.0000000000000000000000000000000000000000
2.0000000000000000000000000000000000000000
2.0000000000000000000000000000000000000000
2.0000000000000000000000000000000000000000
2.0000000000000000000000000000000000000000
2.0000000000000000000000000000000000000000
2.0000000000000000000000000000000000000000
2.0000000000000000000000000000000000000000
2.0000000000000000000000000000000000000000
2.0000000000000000000000000000000000000000
2.0000000000000000000000000000000000000000
2.0000000000000000000000000000000000000000
2.0000000000000000000000000000000000000000
2.0000000000000000000000000000000000000000
2.0000000000000000000000000000000000000000
2.0000000000000000000000000000000000000000
2.0000000000000000000000000000000000000000
2.0000000000000000000000000000000000000000
2.0000000000000000000000000000000000000000
2.0000000000000000000000000000000000000000
2.0000000000000000000000000000000000000000
2.0000000000000000000000000000000000000000
2.0000000000000000000000000000000000000000
2.0000000000000000000000000000000000000000
2.0000000000000000000000000000000000000000
2.0000000000000000000000000000000000000000
2.0000000000000000000000000000000000000000
2.0000000000000000000000000000000000000000
2.0000000000000000000000000000000000000000
2.0000000000000000000000000000000000000000
2.0000000000000000000000000000000000000000
2.0000000000000000000000000000000000000000
2.0000000000000000000000000000000000000000
2.0000000000000000000000000000000000000000
2.0000000000000000000000000000000000000000
2.0000000000000000000000000000000000000000
2.0000000000000000000000000000000000000000
2.0000000000000000000000000000000000000000
2.0000000000000000000000000000000000000000
2.0000000000000000000000000000000000000000
2.0000000000000000000000000000000000000000
2.0000000000000000000000000000000000000000
2.0000000000000000000000000000000000000000
2.0000000000000000000000000000000000000000
2.0000000000000000000000000000000000000000
2.0000000000000000000000000000000000000000
2.0000000000000000000000000000000000000000
2.0000000000000000000000000000000000000000
2.0000000000000000000000000000000000000000
2.0000000000000000000000000000000000000000
2.0000000000000000000000000000000000000000
2.0000000000000000000000000000000000000000
2.0000000000000000000000000000000000000000
2.0000000000000000000000000000000000000000
2.0000000000000000000000000000000000000000
2.0000000000000000000000000000000000000000
2.0000000000000000000000000000000000000000
2.0000000000000000000000000000000000000000
2.0000000000000000000000000000000000000000
2.0000000000000000000000000000000000000000
2.0000000000000000000000000000000000000000
2.0000000000000000000000000000000000000000
2.0000000000000000000000000000000000000000
2.0000000000000000000000000000000000000000
2.0000000000000000000000000000000000000000
2.0000000000000000000000000000000000000000
2.0000000000000000000000000000000000000000
2.0000000000000000000000000000000000000000
2.0000000000000000000000000000000000000000
2.0000000000000000000000000000000000000000
2.0000000000000000000000000000000000000000
2.0000000000000000000000000000000000000000
2.0000000000000000000000000000000000000000
2.0000000000000000000000000000000000000000
