1.0000000000000000000000000000000000000000
1.0000000000000000000000000000000000000000
0.9618466496467590332031250000000000000000
0.9348833560943603515625000000000000000000
0.9066880345344543457031250000000000000000
0.8814826607704162597656250000000000000000
0.8589728474617004394531250000000000000000
0.8400468826293945312500000000000000000000
0.8252303004264831542968750000000000000000
0.8150940537452697753906250000000000000000
0.8101372718811035156250000000000000000000
0.8108106255531311035156250000000000000000
0.8175038695335388183593750000000000000000
0.8305422663688659667968750000000000000000
0.8501823544502258300781250000000000000000
0.8766078948974609375000000000000000000000
0.9099271893501281738281250000000000000000
0.9501704573631286621093750000000000000000
0.9972887635231018066406250000000000000000
1.0511538982391357421875000000000000000000
1.1115577220916748046875000000000000000000
1.1782145500183105468750000000000000000000
1.2507652044296264648437500000000000000000
1.3287727832794189453125000000000000000000
1.4117540121078491210937500000000000000000
1.4990886449813842773437500000000000000000
1.5903840065002441406250000000000000000000
1.6841443777084350585937500000000000000000
1.7827672958374023437500000000000000000000
1.8739748001098632812500000000000000000000
2.0000000000000000000000000000000000000000
2.0000000000000000000000000000000000000000
