1.0000000000000000000000000000000000000000
1.0000000000000000000000000000000000000000
1.0000000000000000000000000000000000000000
1.0000000000000000000000000000000000000000
1.0000000000000000000000000000000000000000
1.0000000000000000000000000000000000000000
1.0000000000000000000000000000000000000000
1.0000000000000000000000000000000000000000
1.0000000000000000000000000000000000000000
1.0000000000000000000000000000000000000000
1.0000000000000000000000000000000000000000
1.0000000000000000000000000000000000000000
1.0000000000000000000000000000000000000000
1.0000000000000000000000000000000000000000
1.0000000000000000000000000000000000000000
1.0000000000000000000000000000000000000000
1.0000000000000000000000000000000000000000
1.0000000000000000000000000000000000000000
1.0000000000000000000000000000000000000000
1.0000000000000000000000000000000000000000
1.0000000000000000000000000000000000000000
1.0000000000000000000000000000000000000000
1.0000000000000000000000000000000000000000
1.0000000000000000000000000000000000000000
1.0000000000000000000000000000000000000000
1.0000000000000000000000000000000000000000
1.0000000000000000000000000000000000000000
1.0000000000000000000000000000000000000000
1.0000000000000000000000000000000000000000
1.0000000000000000000000000000000000000000
1.0000000000000000000000000000000000000000
1.0000000000000000000000000000000000000000
1.0000000000000000000000000000000000000000
1.0000000000000000000000000000000000000000
1.0000000000000000000000000000000000000000
1.0000000000000000000000000000000000000000
1.0000000000000000000000000000000000000000
1.0000000000000000000000000000000000000000
1.0000000000000000000000000000000000000000
1.0000000000000000000000000000000000000000
1.0000000000000000000000000000000000000000
1.0000000000000000000000000000000000000000
1.0000000000000000000000000000000000000000
1.0000000000000000000000000000000000000000
1.0000000000000000000000000000000000000000
1.0000000000000000000000000000000000000000
1.0000000000000000000000000000000000000000
1.0000000000000000000000000000000000000000
1.0000000000000000000000000000000000000000
1.0000000000000000000000000000000000000000
1.0000000000000000000000000000000000000000
1.0000000000000000000000000000000000000000
1.0000000000000000000000000000000000000000
1.0000000000000000000000000000000000000000
1.0000000000000000000000000000000000000000
1.0000000000000000000000000000000000000000
1.0000000000000000000000000000000000000000
1.0000000000000000000000000000000000000000
1.0000000000000000000000000000000000000000
1.0000000000000000000000000000000000000000
1.0000000000000000000000000000000000000000
1.0000000000000000000000000000000000000000
1.0000000000000000000000000000000000000000
1.0000000000000000000000000000000000000000
3.0000000000000000000000000000000000000000
3.0000000000000000000000000000000000000000
1.8030732870101928710937500000000000000000
1.3424518108367919921875000000000000000000
1.0413005352020263671875000000000000000000
0.8700062036514282226562500000000000000000
0.7733271121978759765625000000000000000000
0.7230726480484008789062500000000000000000
0.6991026401519775390625000000000000000000
0.6887444853782653808593750000000000000000
0.6847086548805236816406250000000000000000
0.6832982301712036132812500000000000000000
0.6828578710556030273437500000000000000000
0.6827353835105895996093750000000000000000
0.6827052831649780273437500000000000000000
0.6826990842819213867187500000000000000000
0.6826995015144348144531250000000000000000
0.6827079653739929199218750000000000000000
0.6827483773231506347656250000000000000000
0.6829127073287963867187500000000000000000
0.6835049390792846679687500000000000000000
0.6854033470153808593750000000000000000000
0.6908451318740844726562500000000000000000
0.7048447132110595703125000000000000000000
0.7373456358909606933593750000000000000000
0.8057923316955566406250000000000000000000
0.9383532404899597167968750000000000000000
1.1753594875335693359375000000000000000000
1.5982229709625244140625000000000000000000
2.2538418769836425781250000000000000000000
4.0000000000000000000000000000000000000000
4.0000000000000000000000000000000000000000
3.0000000000000000000000000000000000000000
3.0000000000000000000000000000000000000000
1.9811878204345703125000000000000000000000
1.4193716049194335937500000000000000000000
1.0093986988067626953125000000000000000000
0.7529700994491577148437500000000000000000
0.6021543741226196289062500000000000000000
0.5218850374221801757812500000000000000000
0.4831764101982116699218750000000000000000
0.4663885533809661865234375000000000000000
0.4598581790924072265625000000000000000000
0.4575876593589782714843750000000000000000
0.4568850100040435791015625000000000000000
0.4566923975944519042968750000000000000000
0.4566460549831390380859375000000000000000
0.4566366076469421386718750000000000000000
0.4566372334957122802734375000000000000000
0.4566500186920166015625000000000000000000
0.4567120671272277832031250000000000000000
0.4569699168205261230468750000000000000000
0.4579118192195892333984375000000000000000
0.4609585702419281005859375000000000000000
0.4697332978248596191406250000000000000000
0.4923299252986907958984375000000000000000
0.5445517301559448242187500000000000000000
0.6531769633293151855468750000000000000000
0.8581576347351074218750000000000000000000
1.2087047100067138671875000000000000000000
1.7742145061492919921875000000000000000000
2.5563271045684814453125000000000000000000
4.0000000000000000000000000000000000000000
4.0000000000000000000000000000000000000000
3.0000000000000000000000000000000000000000
3.0000000000000000000000000000000000000000
2.0514292716979980468750000000000000000000
1.4337483644485473632812500000000000000000
0.9569891095161437988281250000000000000000
0.6449342370033264160156250000000000000000
0.4573721289634704589843750000000000000000
0.3563284873962402343750000000000000000000
0.3073962330818176269531250000000000000000
0.2861840426921844482421875000000000000000
0.2779682576656341552734375000000000000000
0.2751350104808807373046875000000000000000
0.2742683589458465576171875000000000000000
0.2740344405174255371093750000000000000000
0.2739791572093963623046875000000000000000
0.2739682197570800781250000000000000000000
0.2739688754081726074218750000000000000000
0.2739836871623992919921875000000000000000
0.2740575373172760009765625000000000000000
0.2743701338768005371093750000000000000000
0.2755289673805236816406250000000000000000
0.2793203890323638916015625000000000000000
0.2903254032135009765625000000000000000000
0.3187736272811889648437500000000000000000
0.3844994902610778808593750000000000000000
0.5204926133155822753906250000000000000000
0.7736167907714843750000000000000000000000
1.1962363719940185546875000000000000000000
1.8452291488647460937500000000000000000000
2.6905529499053955078125000000000000000000
4.0000000000000000000000000000000000000000
4.0000000000000000000000000000000000000000
3.0000000000000000000000000000000000000000
3.0000000000000000000000000000000000000000
2.0632421970367431640625000000000000000000
1.4174107313156127929687500000000000000000
0.9053422212600708007812500000000000000000
0.5627021193504333496093750000000000000000
0.3544734716415405273437500000000000000000
0.2416934221982955932617187500000000000000
0.1870366036891937255859375000000000000000
0.1634071320295333862304687500000000000000
0.1543071120977401733398437500000000000000
0.1511945426464080810546875000000000000000
0.1502524614334106445312500000000000000000
0.1500014960765838623046875000000000000000
0.1499431133270263671875000000000000000000
0.1499317288398742675781250000000000000000
0.1499324142932891845703125000000000000000
0.1499478220939636230468750000000000000000
0.1500257104635238647460937500000000000000
0.1503605991601943969726562500000000000000
0.1516181528568267822265625000000000000000
0.1557752192020416259765625000000000000000
0.1679363548755645751953125000000000000000
0.1995383203029632568359375000000000000000
0.2727052867412567138671875000000000000000
0.4238602221012115478515625000000000000000
0.7033776640892028808593750000000000000000
1.1642287969589233398437500000000000000000
1.8548183441162109375000000000000000000000
2.7282071113586425781250000000000000000000
4.0000000000000000000000000000000000000000
4.0000000000000000000000000000000000000000
3.0000000000000000000000000000000000000000
3.0000000000000000000000000000000000000000
2.0602595806121826171875000000000000000000
1.3982818126678466796875000000000000000000
0.8671520948410034179687500000000000000000
0.5083267092704772949218750000000000000000
0.2892664968967437744140625000000000000000
0.1704437881708145141601562500000000000000
0.1129259094595909118652343750000000000000
0.0881403535604476928710937500000000000000
0.0786422640085220336914062500000000000000
0.0754138380289077758789062500000000000000
0.0744438692927360534667968750000000000000
0.0741875469684600830078125000000000000000
0.0741283819079399108886718750000000000000
0.0741169154644012451171875000000000000000
0.0741175934672355651855468750000000000000
0.0741331130266189575195312500000000000000
0.0742120295763015747070312500000000000000
0.0745538771152496337890625000000000000000
0.0758476257324218750000000000000000000000
0.0801547691226005554199218750000000000000
0.0928306505084037780761718750000000000000
0.1259222626686096191406250000000000000000
0.2027551680803298950195312500000000000000
0.3615830540657043457031250000000000000000
0.6546400785446166992187500000000000000000
1.1351627111434936523437500000000000000000
1.8473682403564453125000000000000000000000
2.7361910343170166015625000000000000000000
4.0000000000000000000000000000000000000000
4.0000000000000000000000000000000000000000
3.0000000000000000000000000000000000000000
3.0000000000000000000000000000000000000000
2.0550329685211181640625000000000000000000
1.3843213319778442382812500000000000000000
0.8436175584793090820312500000000000000000
0.4769851267337799072265625000000000000000
0.2528402507305145263671875000000000000000
0.1312779933214187622070312500000000000000
0.0725263208150863647460937500000000000000
0.0472738668322563171386718750000000000000
0.0376284494996070861816406250000000000000
0.0343622118234634399414062500000000000000
0.0333845950663089752197265625000000000000
0.0331270918250083923339843750000000000000
0.0330677963793277740478515625000000000000
0.0330563224852085113525390625000000000000
0.0330569967627525329589843750000000000000
0.0330725237727165222167968750000000000000
0.0331516191363334655761718750000000000000
0.0334949716925621032714843750000000000000
0.0347985550761222839355468750000000000000
0.0391542613506317138671875000000000000000
0.0520186237990856170654296875000000000000
0.0857048034667968750000000000000000000000
0.1640975177288055419921875000000000000000
0.3263499140739440917968750000000000000000
0.6256428956985473632812500000000000000000
1.1154329776763916015625000000000000000000
1.8382060527801513671875000000000000000000
2.7352862358093261718750000000000000000000
4.0000000000000000000000000000000000000000
4.0000000000000000000000000000000000000000
3.0000000000000000000000000000000000000000
3.0000000000000000000000000000000000000000
2.0513720512390136718750000000000000000000
1.3763004541397094726562500000000000000000
0.8311691284179687500000000000000000000000
0.4610961973667144775390625000000000000000
0.2348068505525588989257812500000000000000
0.1121510490775108337402343750000000000000
0.0529391169548034667968750000000000000000
0.0275278240442276000976562500000000000000
0.0178383756428956985473632812500000000000
0.0145626245066523551940917968750000000000
0.0135834710672497749328613281250000000000
0.0133257899433374404907226562500000000000
0.0132664795964956283569335937500000000000
0.0132550047710537910461425781250000000000
0.0132556837052106857299804687500000000000
0.0132712125778198242187500000000000000000
0.0133503228425979614257812500000000000000
0.0136938989162445068359375000000000000000
0.0149994539096951484680175781250000000000
0.0193672589957714080810546875000000000000
0.0322874560952186584472656250000000000000
0.0661738961935043334960937500000000000000
0.1451418995857238769531250000000000000000
0.3087436556816101074218750000000000000000
0.6106277108192443847656250000000000000000
1.1044330596923828125000000000000000000000
1.8320157527923583984375000000000000000000
2.7332487106323242187500000000000000000000
4.0000000000000000000000000000000000000000
4.0000000000000000000000000000000000000000
3.0000000000000000000000000000000000000000
3.0000000000000000000000000000000000000000
2.0494275093078613281250000000000000000000
1.3724071979522705078125000000000000000000
0.8254211544990539550781250000000000000000
0.4539875984191894531250000000000000000000
0.2268986254930496215820312500000000000000
0.1038635745644569396972656250000000000000
0.0445063970983028411865234375000000000000
0.0190511401742696762084960937500000000000
0.0093515124171972274780273437500000000000
0.0060740197077393531799316406250000000000
0.0050946511328220367431640625000000000000
0.0048369532451033592224121093750000000000
0.0047776415012776851654052734375000000000
0.0047661652788519859313964843750000000000
0.0047668451443314552307128906250000000000
0.0047823754139244556427001953125000000000
0.0048614847473800182342529296875000000000
0.0052050845697522163391113281250000000000
0.0065109110437333583831787109375000000000
0.0108809201046824455261230468750000000000
0.0238139238208532333374023437500000000000
0.0577553138136863708496093750000000000000
0.1369031518697738647460937500000000000000
0.3009680509567260742187500000000000000000
0.6038070917129516601562500000000000000000
1.0991809368133544921875000000000000000000
1.8287613391876220703125000000000000000000
2.7318701744079589843750000000000000000000
4.0000000000000000000000000000000000000000
4.0000000000000000000000000000000000000000
3.0000000000000000000000000000000000000000
3.0000000000000000000000000000000000000000
2.0485684871673583984375000000000000000000
1.3707717657089233398437500000000000000000
0.8230880498886108398437500000000000000000
0.4511766433715820312500000000000000000000
0.2238266468048095703125000000000000000000
0.1006789207458496093750000000000000000000
0.0412840470671653747558593750000000000000
0.0158192701637744903564453125000000000000
0.0061178873293101787567138671875000000000
0.0028401683084666728973388671875000000000
0.0018607808742672204971313476562500000000
0.0016030815895646810531616210937500000000
0.0015437700785696506500244140625000000000
0.0015322942053899168968200683593750000000
0.0015329731395468115806579589843750000000
0.0015485038748010993003845214843750000000
0.0016276135575026273727416992187500000000
0.0019712150096893310546875000000000000000
0.0032770652323961257934570312500000000000
0.0076473578810691833496093750000000000000
0.0205825567245483398437500000000000000000
0.0545357652008533477783203125000000000000
0.1337299644947052001953125000000000000000
0.2979313433170318603515625000000000000000
0.6010794639587402343750000000000000000000
1.0970000028610229492187500000000000000000
1.8273289203643798828125000000000000000000
2.7311930656433105468750000000000000000000
4.0000000000000000000000000000000000000000
4.0000000000000000000000000000000000000000
3.0000000000000000000000000000000000000000
3.0000000000000000000000000000000000000000
2.0482420921325683593750000000000000000000
1.3701697587966918945312500000000000000000
0.8222538828849792480468750000000000000000
0.4501946866512298583984375000000000000000
0.2227713167667388916015625000000000000000
0.0995958596467971801757812500000000000000
0.0401932410895824432373046875000000000000
0.0147269247099757194519042968750000000000
0.0050253281369805335998535156250000000000
0.0017475889762863516807556152343750000000
0.0007682008435949683189392089843750000000
0.0005105016753077507019042968750000000000
0.0004511901061050593852996826171875000000
0.0004397142620291560888290405273437500000
0.0004403931961860507726669311523437500000
0.0004559241351671516895294189453125000000
0.0005350337014533579349517822265625000000
0.0008786352118477225303649902343750000000
0.0021844864822924137115478515625000000000
0.0065548056736588478088378906250000000000
0.0194902680814266204833984375000000000000
0.0534453801810741424560546875000000000000
0.1326490044593811035156250000000000000000
0.2968838214874267578125000000000000000000
0.6001183986663818359375000000000000000000
1.0962071418762207031250000000000000000000
1.8267848491668701171875000000000000000000
2.7309203147888183593750000000000000000000
4.0000000000000000000000000000000000000000
4.0000000000000000000000000000000000000000
3.0000000000000000000000000000000000000000
3.0000000000000000000000000000000000000000
2.0481338500976562500000000000000000000000
1.3699750900268554687500000000000000000000
0.8219911456108093261718750000000000000000
0.4498923718929290771484375000000000000000
0.2224516570568084716796875000000000000000
0.0992707908153533935546875000000000000000
0.0398669764399528503417968750000000000000
0.0144004793837666511535644531250000000000
0.0046988660469651222229003906250000000000
0.0014211265370249748229980468750000000000
0.0004417381715029478073120117187500000000
0.0001840390032157301902770996093750000000
0.0001247274049092084169387817382812500000
0.0001132515390054322779178619384765625000
0.0001139305531978607177734375000000000000
0.0001294614048674702644348144531250000000
0.0002085710439132526516914367675781250000
0.0005521726561710238456726074218750000000
0.0018580235773697495460510253906250000000
0.0062283435836434364318847656250000000000
0.0191638283431529998779296875000000000000
0.0531191602349281311035156250000000000000
0.1323242485523223876953125000000000000000
0.2965655624866485595703125000000000000000
0.5998204350471496582031250000000000000000
1.0959541797637939453125000000000000000000
1.8266050815582275390625000000000000000000
2.7308266162872314453125000000000000000000
4.0000000000000000000000000000000000000000
4.0000000000000000000000000000000000000000
3.0000000000000000000000000000000000000000
3.0000000000000000000000000000000000000000
2.0481021404266357421875000000000000000000
1.3699198961257934570312500000000000000000
0.8219184875488281250000000000000000000000
0.4498106539249420166015625000000000000000
0.2223667353391647338867187500000000000000
0.0991850346326828002929687500000000000000
0.0397810935974121093750000000000000000000
0.0143145816400647163391113281250000000000
0.0046129673719406127929687500000000000000
0.0013352276291698217391967773437500000000
0.0003558392636477947235107421875000000000
0.0000981400226010009646415710449218750000
0.0000388284170185215771198272705078125000
0.0000273525365628302097320556640625000000
0.0000280315616691950708627700805664062500
0.0000435624024248681962490081787109375000
0.0001226720341946929693222045898437500000
0.0004662735736928880214691162109375000000
0.0017721249023452401161193847656250000000
0.0061424449086189270019531250000000000000
0.0190779305994510650634765625000000000000
0.0530332848429679870605468750000000000000
0.1322385370731353759765625000000000000000
0.2964808046817779541015625000000000000000
0.5997394919395446777343750000000000000000
1.0958836078643798828125000000000000000000
1.8265531063079833984375000000000000000000
2.7307984828948974609375000000000000000000
4.0000000000000000000000000000000000000000
4.0000000000000000000000000000000000000000
3.0000000000000000000000000000000000000000
3.0000000000000000000000000000000000000000
2.0480940341949462890625000000000000000000
1.3699061870574951171875000000000000000000
0.8219008445739746093750000000000000000000
0.4497915208339691162109375000000000000000
0.2223470658063888549804687500000000000000
0.0991652905941009521484375000000000000000
0.0397613309323787689208984375000000000000
0.0142948180437088012695312500000000000000
0.0045932051725685596466064453125000000000
0.0013154649641364812850952148437500000000
0.0003360765695106238126754760742187500000
0.0000783773430157452821731567382812500000
0.0000190657356142764911055564880371093750
0.0000075898487921222113072872161865234375
0.0000082688729889923706650733947753906250
0.0000237997155636548995971679687500000000
0.0001029093400575220584869384765625000000
0.0004465109668672084808349609375000000000
0.0017523622373118996620178222656250000000
0.0061226813122630119323730468750000000000
0.0190581679344177246093750000000000000000
0.0530135147273540496826171875000000000000
0.1322187781333923339843750000000000000000
0.2964611649513244628906250000000000000000
0.5997203588485717773437500000000000000000
1.0958663225173950195312500000000000000000
1.8265402317047119140625000000000000000000
2.7307915687561035156250000000000000000000
4.0000000000000000000000000000000000000000
4.0000000000000000000000000000000000000000
3.0000000000000000000000000000000000000000
3.0000000000000000000000000000000000000000
2.0480926036834716796875000000000000000000
1.3699034452438354492187500000000000000000
0.8218973875045776367187500000000000000000
0.4497877657413482666015625000000000000000
0.2223433256149291992187500000000000000000
0.0991615206003189086914062500000000000000
0.0397575758397579193115234375000000000000
0.0142910601571202278137207031250000000000
0.0045894449576735496520996093750000000000
0.0013117052149027585983276367187500000000
0.0003323169075883924961090087890625000000
0.0000746176665415987372398376464843750000
0.0000153060573211405426263809204101562500
0.0000038301695894915610551834106445312500
0.0000045091946958564221858978271484375000
0.0000200400354515295475721359252929687500
0.0000991496490314602851867675781250000000
0.0004427512176334857940673828125000000000
0.0017486024880781769752502441406250000000
0.0061189215630292892456054687500000000000
0.0190544072538614273071289062500000000000
0.0530097596347332000732421875000000000000
0.1322150230407714843750000000000000000000
0.2964574098587036132812500000000000000000
0.5997166633605957031250000000000000000000
1.0958628654479980468750000000000000000000
1.8265373706817626953125000000000000000000
2.7307898998260498046875000000000000000000
4.0000000000000000000000000000000000000000
4.0000000000000000000000000000000000000000
3.0000000000000000000000000000000000000000
3.0000000000000000000000000000000000000000
2.0480930805206298828125000000000000000000
1.3699039220809936523437500000000000000000
0.8218981027603149414062500000000000000000
0.4497884809970855712890625000000000000000
0.2223439663648605346679687500000000000000
0.0991621986031532287597656250000000000000
0.0397582538425922393798828125000000000000
0.0142917381599545478820800781250000000000
0.0045901248231530189514160156250000000000
0.0013123841490596532821655273437500000000
0.0003329958999529480934143066406250000000
0.0000752966952859424054622650146484375000
0.0000159850824275054037570953369140625000
0.0000045091942411090712994337081909179688
0.0000051882188927265815436840057373046875
0.0000207190605578944087028503417968750000
0.0000998286777758039534091949462890625000
0.0004434302973095327615737915039062500000
0.0017492814222350716590881347656250000000
0.0061196004971861839294433593750000000000
0.0190550871193408966064453125000000000000
0.0530104413628578186035156250000000000000
0.1322157084941864013671875000000000000000
0.2964580655097961425781250000000000000000
0.5997174382209777832031250000000000000000
1.0958634614944458007812500000000000000000
1.8265380859375000000000000000000000000000
2.7307903766632080078125000000000000000000
4.0000000000000000000000000000000000000000
4.0000000000000000000000000000000000000000
3.0000000000000000000000000000000000000000
3.0000000000000000000000000000000000000000
2.0480968952178955078125000000000000000000
1.3699101209640502929687500000000000000000
0.8219054341316223144531250000000000000000
0.4497961997985839843750000000000000000000
0.2223517894744873046875000000000000000000
0.0991700142621994018554687500000000000000
0.0397660657763481140136718750000000000000
0.0142995538190007209777832031250000000000
0.0045979386195540428161621093750000000000
0.0013201988767832517623901367187500000000
0.0003408105403650552034378051757812500000
0.0000831113211461342871189117431640625000
0.0000237997119256760925054550170898437500
0.0000123238260130165144801139831542968750
0.0000130028520288760773837566375732421875
0.0000285336918750545009970664978027343750
0.0001076433109119534492492675781250000000
0.0004512449377216398715972900390625000000
0.0017570961499586701393127441406250000000
0.0061274161562323570251464843750000000000
0.0190629009157419204711914062500000000000
0.0530182495713233947753906250000000000000
0.1322235167026519775390625000000000000000
0.2964659035205841064453125000000000000000
0.5997251272201538085937500000000000000000
1.0958707332611083984375000000000000000000
1.8265441656112670898437500000000000000000
2.7307939529418945312500000000000000000000
4.0000000000000000000000000000000000000000
4.0000000000000000000000000000000000000000
3.0000000000000000000000000000000000000000
3.0000000000000000000000000000000000000000
2.0481152534484863281250000000000000000000
1.3699395656585693359375000000000000000000
0.8219414949417114257812500000000000000000
0.4498348832130432128906250000000000000000
0.2223912179470062255859375000000000000000
0.0992095544934272766113281250000000000000
0.0398056246340274810791015625000000000000
0.0143391145393252372741699218750000000000
0.0046374993398785591125488281250000000000
0.0013597595971077680587768554687500000000
0.0003803712024819105863571166992187500000
0.0001226720196427777409553527832031250000
0.0000633604067843407392501831054687500000
0.0000518845226906705647706985473632812500
0.0000525635441590566188097000122070312500
0.0000680943921906873583793640136718750000
0.0001472040021326392889022827148437500000
0.0004908055416308343410491943359375000000
0.0017966566374525427818298339843750000000
0.0061669768765568733215332031250000000000
0.0191024634987115859985351562500000000000
0.0530578196048736572265625000000000000000
0.1322630643844604492187500000000000000000
0.2965053021907806396484375000000000000000
0.5997637510299682617187500000000000000000
1.0959064960479736328125000000000000000000
1.8265727758407592773437500000000000000000
2.7308115959167480468750000000000000000000
4.0000000000000000000000000000000000000000
4.0000000000000000000000000000000000000000
3.0000000000000000000000000000000000000000
3.0000000000000000000000000000000000000000
2.0481886863708496093750000000000000000000
1.3700599670410156250000000000000000000000
0.8220928311347961425781250000000000000000
0.4500004649162292480468750000000000000000
0.2225616425275802612304687500000000000000
0.0993811637163162231445312500000000000000
0.0399774089455604553222656250000000000000
0.0145109128206968307495117187500000000000
0.0048093004152178764343261718750000000000
0.0015315607888624072074890136718750000000
0.0005521725979633629322052001953125000000
0.0002944733714684844017028808593750000000
0.0002351617440581321716308593750000000000
0.0002236858999822288751602172851562500000
0.0002243648923467844724655151367187500000
0.0002398957440163940191268920898437500000
0.0003190053685102611780166625976562500000
0.0006626069080084562301635742187500000000
0.0019684578292071819305419921875000000000
0.0063387779518961906433105468750000000000
0.0192742645740509033203125000000000000000
0.0532295890152454376220703125000000000000
0.1324346363544464111328125000000000000000
0.2966755628585815429687500000000000000000
0.5999284982681274414062500000000000000000
1.0960559844970703125000000000000000000000
1.8266899585723876953125000000000000000000
2.7308812141418457031250000000000000000000
4.0000000000000000000000000000000000000000
4.0000000000000000000000000000000000000000
3.0000000000000000000000000000000000000000
3.0000000000000000000000000000000000000000
2.0484485626220703125000000000000000000000
1.3704938888549804687500000000000000000000
0.8226476907730102539062500000000000000000
0.4506182670593261718750000000000000000000
0.2232050597667694091796875000000000000000
0.1000321954488754272460937500000000000000
0.0406300686299800872802734375000000000000
0.0151638146489858627319335937500000000000
0.0054622245952486991882324218750000000000
0.0021844862494617700576782226562500000000
0.0012050981167703866958618164062500000000
0.0009473990648984909057617187500000000000
0.0008880874374881386756896972656250000000
0.0008766114478930830955505371093750000000
0.0008772904984652996063232421875000000000
0.0008928213501349091529846191406250000000
0.0009719309164211153984069824218750000000
0.0013155324850231409072875976562500000000
0.0026213838718831539154052734375000000000
0.0069917021319270133972167968750000000000
0.0199271608144044876098632812500000000000
0.0538822114467620849609375000000000000000
0.1330853551626205444335937500000000000000
0.2973175942897796630859375000000000000000
0.6005419492721557617187500000000000000000
1.0966010093688964843750000000000000000000
1.8271089792251586914062500000000000000000
2.7311270236968994140625000000000000000000
4.0000000000000000000000000000000000000000
4.0000000000000000000000000000000000000000
3.0000000000000000000000000000000000000000
3.0000000000000000000000000000000000000000
2.0492630004882812500000000000000000000000
1.3718720674514770507812500000000000000000
0.8244401216506958007812500000000000000000
0.4526446759700775146484375000000000000000
0.2253391444683074951171875000000000000000
0.1022047176957130432128906250000000000000
0.0428129322826862335205078125000000000000
0.0173486787825822830200195312500000000000
0.0076473588123917579650878906250000000000
0.0043696449138224124908447265625000000000
0.0033902581781148910522460937500000000000
0.0031325586605817079544067382812500000000
0.0030732471495866775512695312500000000000
0.0030617713928222656250000000000000000000
0.0030624500941485166549682617187500000000
0.0030779812950640916824340820312500000000
0.0031570908613502979278564453125000000000
0.0035006920807063579559326171875000000000
0.0048065418377518653869628906250000000000
0.0091768307611346244812011718750000000000
0.0221119634807109832763671875000000000000
0.0560646541416645050048828125000000000000
0.1352557539939880371093750000000000000000
0.2994438707828521728515625000000000000000
0.6025475263595581054687500000000000000000
1.0983521938323974609375000000000000000000
1.8284292221069335937500000000000000000000
2.7318878173828125000000000000000000000000
4.0000000000000000000000000000000000000000
4.0000000000000000000000000000000000000000
3.0000000000000000000000000000000000000000
3.0000000000000000000000000000000000000000
2.0515284538269042968750000000000000000000
1.3757518529891967773437500000000000000000
0.8295624852180480957031250000000000000000
0.4585168361663818359375000000000000000000
0.2315888851881027221679687500000000000000
0.1086083203554153442382812500000000000000
0.0492660291492938995361328125000000000000
0.0238139219582080841064453125000000000000
0.0141147989779710769653320312500000000000
0.0108373630791902542114257812500000000000
0.0098579991608858108520507812500000000000
0.0096003022044897079467773437500000000000
0.0095409899950027465820312500000000000000
0.0095295142382383346557617187500000000000
0.0095301931723952293395996093750000000000
0.0095457239076495170593261718750000000000
0.0096248332411050796508789062500000000000
0.0099684335291385650634765625000000000000
0.0112742548808455467224121093750000000000
0.0156442057341337203979492187500000000000
0.0285767074674367904663085937500000000000
0.0625149458646774291992187500000000000000
0.1416479051113128662109375000000000000000
0.3056583404541015625000000000000000000000
0.6083363294601440429687500000000000000000
1.1033223867416381835937500000000000000000
1.8321062326431274414062500000000000000000
2.7339706420898437500000000000000000000000
4.0000000000000000000000000000000000000000
4.0000000000000000000000000000000000000000
3.0000000000000000000000000000000000000000
3.0000000000000000000000000000000000000000
2.0571138858795166015625000000000000000000
1.3854538202285766601562500000000000000000
0.8425465822219848632812500000000000000000
0.4735978543758392333984375000000000000000
0.2478031814098358154296875000000000000000
0.1253295242786407470703125000000000000000
0.0661738961935043334960937500000000000000
0.0407767407596111297607421875000000000000
0.0310900919139385223388671875000000000000
0.0278147608041763305664062500000000000000
0.0268356557935476303100585937500000000000
0.0265779756009578704833984375000000000000
0.0265186671167612075805664062500000000000
0.0265071894973516464233398437500000000000
0.0265078693628311157226562500000000000000
0.0265234000980854034423828125000000000000
0.0266025066375732421875000000000000000000
0.0269460827112197875976562500000000000000
0.0282515939325094223022460937500000000000
0.0326189771294593811035156250000000000000
0.0455363765358924865722656250000000000000
0.0794086679816246032714843750000000000000
0.1583203822374343872070312500000000000000
0.3217399716377258300781250000000000000000
0.6231292486190795898437500000000000000000
1.1158105134963989257812500000000000000000
1.8411697149276733398437500000000000000000
2.7389907836914062500000000000000000000000
4.0000000000000000000000000000000000000000
4.0000000000000000000000000000000000000000
3.0000000000000000000000000000000000000000
3.0000000000000000000000000000000000000000
2.0693058967590332031250000000000000000000
1.4069879055023193359375000000000000000000
0.8717886209487915039062500000000000000000
0.5079970359802246093750000000000000000000
0.2851516306400299072265625000000000000000
0.1640975028276443481445312500000000000000
0.1055171638727188110351562500000000000000
0.0803134590387344360351562500000000000000
0.0706794857978820800781250000000000000000
0.0674153715372085571289062500000000000000
0.0664380639791488647460937500000000000000
0.0661805868148803710937500000000000000000
0.0661212950944900512695312500000000000000
0.0661098212003707885742187500000000000000
0.0661105066537857055664062500000000000000
0.0661260262131690979003906250000000000000
0.0662051141262054443359375000000000000000
0.0665484368801116943359375000000000000000
0.0678517296910285949707031250000000000000
0.0722052901983261108398437500000000000000
0.0850582122802734375000000000000000000000
0.1186956614255905151367187500000000000000
0.1969169825315475463867187500000000000000
0.3586612939834594726562500000000000000000
0.6566547155380249023437500000000000000000
1.1436041593551635742187500000000000000000
1.8608729839324951171875000000000000000000
2.7495591640472412109375000000000000000000
4.0000000000000000000000000000000000000000
4.0000000000000000000000000000000000000000
3.0000000000000000000000000000000000000000
3.0000000000000000000000000000000000000000
2.0927245616912841796875000000000000000000
1.4493043422698974609375000000000000000000
0.9302726984024047851562500000000000000000
0.5777134299278259277343750000000000000000
0.3615830540657043457031250000000000000000
0.2439533919095993041992187500000000000000
0.1868627220392227172851562500000000000000
0.1622097939252853393554687500000000000000
0.1527469605207443237304687500000000000000
0.1495263427495956420898437500000000000000
0.1485577523708343505859375000000000000000
0.1483016312122344970703125000000000000000
0.1482424736022949218750000000000000000000
0.1482310146093368530273437500000000000000
0.1482316851615905761718750000000000000000
0.1482472121715545654296875000000000000000
0.1483260989189147949218750000000000000000
0.1486677527427673339843750000000000000000
0.1499601304531097412109375000000000000000
0.1542594730854034423828125000000000000000
0.1669000834226608276367187500000000000000
0.1998590677976608276367187500000000000000
0.2762647569179534912109375000000000000000
0.4338997304439544677734375000000000000000
0.7240267992019653320312500000000000000000
1.1982831954956054687500000000000000000000
1.8983907699584960937500000000000000000000
2.7686562538146972656250000000000000000000
4.0000000000000000000000000000000000000000
4.0000000000000000000000000000000000000000
3.0000000000000000000000000000000000000000
3.0000000000000000000000000000000000000000
2.1315891742706298828125000000000000000000
1.5225980281829833984375000000000000000000
1.0340248346328735351562500000000000000000
0.7033777236938476562500000000000000000000
0.5007868409156799316406250000000000000000
0.3903511464595794677734375000000000000000
0.3365680873394012451171875000000000000000
0.3132266104221343994140625000000000000000
0.3042099475860595703125000000000000000000
0.3011181950569152832031250000000000000000
0.3001805245876312255859375000000000000000
0.2999303042888641357421875000000000000000
0.2998720407485961914062500000000000000000
0.2998606562614440917968750000000000000000
0.2998613417148590087890625000000000000000
0.2998767197132110595703125000000000000000
0.2999545335769653320312500000000000000000
0.3002886474132537841796875000000000000000
0.3015418350696563720703125000000000000000
0.3056780695915222167968750000000000000000
0.3177558481693267822265625000000000000000
0.3490697741508483886718750000000000000000
0.4213630557060241699218750000000000000000
0.5701735019683837890625000000000000000000
0.8440532684326171875000000000000000000000
1.2929112911224365234375000000000000000000
1.9600057601928710937500000000000000000000
2.7965540885925292968750000000000000000000
4.0000000000000000000000000000000000000000
4.0000000000000000000000000000000000000000
3.0000000000000000000000000000000000000000
3.0000000000000000000000000000000000000000
2.1854882240295410156250000000000000000000
1.6330543756484985351562500000000000000000
1.1962361335754394531250000000000000000000
0.9038208127021789550781250000000000000000
0.7253826856613159179687500000000000000000
0.6281440258026123046875000000000000000000
0.5806601047515869140625000000000000000000
0.5599439740180969238281250000000000000000
0.5518802404403686523437500000000000000000
0.5490883588790893554687500000000000000000
0.5482314825057983398437500000000000000000
0.5479995012283325195312500000000000000000
0.5479446053504943847656250000000000000000
0.5479336977005004882812500000000000000000
0.5479343533515930175781250000000000000000
0.5479491353034973144531250000000000000000
0.5480226278305053710937500000000000000000
0.5483332276344299316406250000000000000000
0.5494822263717651367187500000000000000000
0.5532323122024536132812500000000000000000
0.5640853643417358398437500000000000000000
0.5920375585556030273437500000000000000000
0.6563149690628051757812500000000000000000
0.7885031700134277343750000000000000000000
1.0325033664703369140625000000000000000000
1.4354835748672485351562500000000000000000
2.0445351600646972656250000000000000000000
2.8246116638183593750000000000000000000000
4.0000000000000000000000000000000000000000
4.0000000000000000000000000000000000000000
3.0000000000000000000000000000000000000000
3.0000000000000000000000000000000000000000
2.2369589805603027343750000000000000000000
1.7742145061492919921875000000000000000000
1.4208796024322509765625000000000000000000
1.1903778314590454101562500000000000000000
1.0512406826019287109375000000000000000000
0.9757699966430664062500000000000000000000
0.9388920068740844726562500000000000000000
0.9227426648139953613281250000000000000000
0.9164153933525085449218750000000000000000
0.9142028093338012695312500000000000000000
0.9135149121284484863281250000000000000000
0.9133257865905761718750000000000000000000
0.9132800102233886718750000000000000000000
0.9132707715034484863281250000000000000000
0.9132713079452514648437500000000000000000
0.9132841229438781738281250000000000000000
0.9133455157279968261718750000000000000000
0.9135999679565429687500000000000000000000
0.9145269393920898437500000000000000000000
0.9175157546997070312500000000000000000000
0.9260874986648559570312500000000000000000
0.9480455517768859863281250000000000000000
0.9984366297721862792968750000000000000000
1.1022633314132690429687500000000000000000
1.2955653667449951171875000000000000000000
1.6201854944229125976562500000000000000000
2.1290576457977294921875000000000000000000
2.8120980262756347656250000000000000000000
4.0000000000000000000000000000000000000000
4.0000000000000000000000000000000000000000
3.0000000000000000000000000000000000000000
3.0000000000000000000000000000000000000000
2.2538418769836425781250000000000000000000
1.9175908565521240234375000000000000000000
1.6804239749908447265625000000000000000000
1.5349712371826171875000000000000000000000
1.4492585659027099609375000000000000000000
1.4033257961273193359375000000000000000000
1.3809792995452880859375000000000000000000
1.3711868524551391601562500000000000000000
1.3673331737518310546875000000000000000000
1.3659766912460327148437500000000000000000
1.3655507564544677734375000000000000000000
1.3654316663742065429687500000000000000000
1.3654024600982666015625000000000000000000
1.3653963804244995117187500000000000000000
1.3653967380523681640625000000000000000000
1.3654050827026367187500000000000000000000
1.3654447793960571289062500000000000000000
1.3656055927276611328125000000000000000000
1.3661834001541137695312500000000000000000
1.3680279254913330078125000000000000000000
1.3732875585556030273437500000000000000000
1.3867213726043701171875000000000000000000
1.4175989627838134765625000000000000000000
1.4817237854003906250000000000000000000000
1.6033184528350830078125000000000000000000
1.8144829273223876953125000000000000000000
2.1733620166778564453125000000000000000000
2.7046103477478027343750000000000000000000
4.0000000000000000000000000000000000000000
4.0000000000000000000000000000000000000000
2.0000000000000000000000000000000000000000
2.0000000000000000000000000000000000000000
2.0000000000000000000000000000000000000000
2.0000000000000000000000000000000000000000
2.0000000000000000000000000000000000000000
2.0000000000000000000000000000000000000000
2.0000000000000000000000000000000000000000
2.0000000000000000000000000000000000000000
2.0000000000000000000000000000000000000000
2.0000000000000000000000000000000000000000
2.0000000000000000000000000000000000000000
2.0000000000000000000000000000000000000000
2.0000000000000000000000000000000000000000
2.0000000000000000000000000000000000000000
2.0000000000000000000000000000000000000000
2.0000000000000000000000000000000000000000
2.0000000000000000000000000000000000000000
2.0000000000000000000000000000000000000000
2.0000000000000000000000000000000000000000
2.0000000000000000000000000000000000000000
2.0000000000000000000000000000000000000000
2.0000000000000000000000000000000000000000
2.0000000000000000000000000000000000000000
2.0000000000000000000000000000000000000000
2.0000000000000000000000000000000000000000
2.0000000000000000000000000000000000000000
2.0000000000000000000000000000000000000000
2.0000000000000000000000000000000000000000
2.0000000000000000000000000000000000000000
2.0000000000000000000000000000000000000000
2.0000000000000000000000000000000000000000
2.0000000000000000000000000000000000000000
2.0000000000000000000000000000000000000000
2.0000000000000000000000000000000000000000
2.0000000000000000000000000000000000000000
2.0000000000000000000000000000000000000000
2.0000000000000000000000000000000000000000
2.0000000000000000000000000000000000000000
2.0000000000000000000000000000000000000000
2.0000000000000000000000000000000000000000
2.0000000000000000000000000000000000000000
2.0000000000000000000000000000000000000000
2.0000000000000000000000000000000000000000
2.0000000000000000000000000000000000000000
2.0000000000000000000000000000000000000000
2.0000000000000000000000000000000000000000
2.0000000000000000000000000000000000000000
2.0000000000000000000000000000000000000000
2.0000000000000000000000000000000000000000
2.0000000000000000000000000000000000000000
2.0000000000000000000000000000000000000000
2.0000000000000000000000000000000000000000
2.0000000000000000000000000000000000000000
2.0000000000000000000000000000000000000000
2.0000000000000000000000000000000000000000
2.0000000000000000000000000000000000000000
2.0000000000000000000000000000000000000000
2.0000000000000000000000000000000000000000
2.0000000000000000000000000000000000000000
2.0000000000000000000000000000000000000000
2.0000000000000000000000000000000000000000
2.0000000000000000000000000000000000000000
2.0000000000000000000000000000000000000000
2.0000000000000000000000000000000000000000
