1.0000000000000000000000000000000000000000
1.0000000000000000000000000000000000000000
1.0000000000000000000000000000000000000000
1.0000000000000000000000000000000000000000
1.0000000000000000000000000000000000000000
1.0000000000000000000000000000000000000000
1.0000000000000000000000000000000000000000
1.0000000000000000000000000000000000000000
1.0000000000000000000000000000000000000000
1.0000000000000000000000000000000000000000
1.0000000000000000000000000000000000000000
1.0000000000000000000000000000000000000000
1.0000000000000000000000000000000000000000
1.0000000000000000000000000000000000000000
1.0000000000000000000000000000000000000000
1.0000000000000000000000000000000000000000
1.0000000000000000000000000000000000000000
1.0000000000000000000000000000000000000000
1.0000000000000000000000000000000000000000
1.0000000000000000000000000000000000000000
1.0000000000000000000000000000000000000000
1.0000000000000000000000000000000000000000
1.0000000000000000000000000000000000000000
1.0000000000000000000000000000000000000000
1.0000000000000000000000000000000000000000
1.0000000000000000000000000000000000000000
1.0000000000000000000000000000000000000000
1.0000000000000000000000000000000000000000
1.0000000000000000000000000000000000000000
1.0000000000000000000000000000000000000000
1.0000000000000000000000000000000000000000
1.0000000000000000000000000000000000000000
3.0000000000000000000000000000000000000000
1.9217735528945922851562500000000000000000
1.5318571329116821289062500000000000000000
1.3422899246215820312500000000000000000000
1.2295814752578735351562500000000000000000
1.1535142660140991210937500000000000000000
1.0980443954467773437500000000000000000000
1.0557124614715576171875000000000000000000
1.0226188898086547851562500000000000000000
0.9965243339538574218750000000000000000000
0.9760394096374511718750000000000000000000
0.9602492451667785644531250000000000000000
0.9485300183296203613281250000000000000000
0.9404579997062683105468750000000000000000
0.9357654452323913574218750000000000000000
0.9343194961547851562500000000000000000000
0.9361149668693542480468750000000000000000
0.9412732124328613281250000000000000000000
0.9500460624694824218750000000000000000000
0.9628260731697082519531250000000000000000
0.9801656007766723632812500000000000000000
1.0028162002563476562500000000000000000000
1.0318027734756469726562500000000000000000
1.0685690641403198242187500000000000000000
1.1152585744857788085937500000000000000000
1.1752855777740478515625000000000000000000
1.2545543909072875976562500000000000000000
1.3643152713775634765625000000000000000000
1.5287011861801147460937500000000000000000
1.8081128597259521484375000000000000000000
2.3878695964813232421875000000000000000000
4.0000000000000000000000000000000000000000
3.0000000000000000000000000000000000000000
2.3519728183746337890625000000000000000000
1.9043098688125610351562500000000000000000
1.6198304891586303710937500000000000000000
1.4282667636871337890625000000000000000000
1.2906422615051269531250000000000000000000
1.1868442296981811523437500000000000000000
1.1060843467712402343750000000000000000000
1.0422074794769287109375000000000000000000
0.9914685487747192382812500000000000000000
0.9514461755752563476562500000000000000000
0.9204980134963989257812500000000000000000
0.8974800109863281250000000000000000000000
0.8816043138504028320312500000000000000000
0.8723685145378112792968750000000000000000
0.8695238828659057617187500000000000000000
0.8730652928352355957031250000000000000000
0.8832289576530456542968750000000000000000
0.9005016088485717773437500000000000000000
0.9256350398063659667968750000000000000000
0.9596790075302124023437500000000000000000
1.0040440559387207031250000000000000000000
1.0606222152709960937500000000000000000000
1.1320173740386962890625000000000000000000
1.2219785451889038085937500000000000000000
1.3362337350845336914062500000000000000000
1.4841244220733642578125000000000000000000
1.6819537878036499023437500000000000000000
1.9600235223770141601562500000000000000000
2.3769471645355224609375000000000000000000
3.0382907390594482421875000000000000000000
4.0000000000000000000000000000000000000000
3.0000000000000000000000000000000000000000
2.5224275588989257812500000000000000000000
2.1217715740203857421875000000000000000000
1.8141015768051147460937500000000000000000
1.5809562206268310546875000000000000000000
1.4012900590896606445312500000000000000000
1.2599728107452392578125000000000000000000
1.1471498012542724609375000000000000000000
1.0564463138580322265625000000000000000000
0.9836300611495971679687500000000000000000
0.9257869720458984375000000000000000000000
0.8808448910713195800781250000000000000000
0.8473116755485534667968750000000000000000
0.8241356611251831054687500000000000000000
0.8106378316879272460937500000000000000000
0.8064839243888854980468750000000000000000
0.8116761445999145507812500000000000000000
0.8265558481216430664062500000000000000000
0.8518120646476745605468750000000000000000
0.8884980082511901855468750000000000000000
0.9380642175674438476562500000000000000000
1.0024216175079345703125000000000000000000
1.0840673446655273437500000000000000000000
1.1863141059875488281250000000000000000000
1.3137069940567016601562500000000000000000
1.4727549552917480468750000000000000000000
1.6731821298599243164062500000000000000000
1.9299472570419311523437500000000000000000
2.2659432888031005859375000000000000000000
2.7129571437835693359375000000000000000000
3.2989253997802734375000000000000000000000
4.0000000000000000000000000000000000000000
3.0000000000000000000000000000000000000000
2.6040964126586914062500000000000000000000
2.2449724674224853515625000000000000000000
1.9400053024291992187500000000000000000000
1.6887012720108032226562500000000000000000
1.4831914901733398437500000000000000000000
1.3149579763412475585937500000000000000000
1.1770269870758056640625000000000000000000
1.0641472339630126953125000000000000000000
0.9724279642105102539062500000000000000000
0.8989627957344055175781250000000000000000
0.8415559530258178710937500000000000000000
0.7985544204711914062500000000000000000000
0.7687584161758422851562500000000000000000
0.7513815164566040039062500000000000000000
0.7460389733314514160156250000000000000000
0.7527506947517395019531250000000000000000
0.7719481587409973144531250000000000000000
0.8044830560684204101562500000000000000000
0.8516379594802856445312500000000000000000
0.9151470065116882324218750000000000000000
0.9972397089004516601562500000000000000000
1.1007287502288818359375000000000000000000
1.2291737794876098632812500000000000000000
1.3871592283248901367187500000000000000000
1.5807293653488159179687500000000000000000
1.8179734945297241210937500000000000000000
2.1095824241638183593750000000000000000000
2.4685893058776855468750000000000000000000
2.9070885181427001953125000000000000000000
3.4261345863342285156250000000000000000000
4.0000000000000000000000000000000000000000
3.0000000000000000000000000000000000000000
2.6475663185119628906250000000000000000000
2.3159921169281005859375000000000000000000
2.0186953544616699218750000000000000000000
1.7602466344833374023437500000000000000000
1.5394326448440551757812500000000000000000
1.3526353836059570312500000000000000000000
1.1958117485046386718750000000000000000000
1.0652873516082763671875000000000000000000
0.9579536318778991699218750000000000000000
0.8712469339370727539062500000000000000000
0.8030827641487121582031250000000000000000
0.7518080472946166992187500000000000000000
0.7161803841590881347656250000000000000000
0.6953711509704589843750000000000000000000
0.6889803409576416015625000000000000000000
0.6970541477203369140625000000000000000000
0.7200981378555297851562500000000000000000
0.7590845227241516113281250000000000000000
0.8154515027999877929687500000000000000000
0.8911033868789672851562500000000000000000
0.9884181022644042968750000000000000000000
1.1102757453918457031250000000000000000000
1.2601228952407836914062500000000000000000
1.4420769214630126953125000000000000000000
1.6610527038574218750000000000000000000000
1.9228194952011108398437500000000000000000
2.2337222099304199218750000000000000000000
2.5995013713836669921875000000000000000000
3.0223286151885986328125000000000000000000
3.4957327842712402343750000000000000000000
4.0000000000000000000000000000000000000000
3.0000000000000000000000000000000000000000
2.6719033718109130859375000000000000000000
2.3573741912841796875000000000000000000000
2.0666532516479492187500000000000000000000
1.8053716421127319335937500000000000000000
1.5752859115600585937500000000000000000000
1.3757536411285400390625000000000000000000
1.2049754858016967773437500000000000000000
1.0607514381408691406250000000000000000000
0.9408601522445678710937500000000000000000
0.8432323336601257324218750000000000000000
0.7660340070724487304687500000000000000000
0.7077218294143676757812500000000000000000
0.6670909523963928222656250000000000000000
0.6433234810829162597656250000000000000000
0.6360324621200561523437500000000000000000
0.6452963948249816894531250000000000000000
0.6716794967651367187500000000000000000000
0.7162348628044128417968750000000000000000
0.7804918289184570312500000000000000000000
0.8664291501045227050781250000000000000000
0.9764409065246582031250000000000000000000
1.1133009195327758789062500000000000000000
1.2801268100738525390625000000000000000000
1.4803359508514404296875000000000000000000
1.7175525426864624023437500000000000000000
1.9953752756118774414062500000000000000000
2.3168282508850097656250000000000000000000
2.6832399368286132812500000000000000000000
3.0923848152160644531250000000000000000000
3.5362656116485595703125000000000000000000
4.0000000000000000000000000000000000000000
3.0000000000000000000000000000000000000000
2.6857261657714843750000000000000000000000
2.3813254833221435546875000000000000000000
2.0949749946594238281250000000000000000000
1.8322519063949584960937500000000000000000
1.5961644649505615234375000000000000000000
1.3877352476119995117187500000000000000000
1.2066819667816162109375000000000000000000
1.0519659519195556640625000000000000000000
0.9221669435501098632812500000000000000000
0.8157269358634948730468750000000000000000
0.7311164140701293945312500000000000000000
0.6669595837593078613281250000000000000000
0.6221388578414916992187500000000000000000
0.5958829522132873535156250000000000000000
0.5878373980522155761718750000000000000000
0.5981160402297973632812500000000000000000
0.6273270249366760253906250000000000000000
0.6765725016593933105468750000000000000000
0.7474213242530822753906250000000000000000
0.8418569564819335937500000000000000000000
0.9622035026550292968750000000000000000000
1.1110314130783081054687500000000000000000
1.2910431623458862304687500000000000000000
1.5049253702163696289062500000000000000000
1.7551342248916625976562500000000000000000
2.0435631275177001953125000000000000000000
2.3710010051727294921875000000000000000000
2.7363257408142089843750000000000000000000
3.1354835033416748046875000000000000000000
3.5606169700622558593750000000000000000000
4.0000000000000000000000000000000000000000
3.0000000000000000000000000000000000000000
2.6934711933135986328125000000000000000000
2.3948090076446533203125000000000000000000
2.1109049320220947265625000000000000000000
1.8470443487167358398437500000000000000000
1.6067396402359008789062500000000000000000
1.3919165134429931640625000000000000000000
1.2032582759857177734375000000000000000000
1.0405644178390502929687500000000000000000
0.9030585289001464843750000000000000000000
0.7896368503570556640625000000000000000000
0.6990681886672973632812500000000000000000
0.6301623582839965820312500000000000000000
0.5819115042686462402343750000000000000000
0.5536096692085266113281250000000000000000
0.5449460744857788085937500000000000000000
0.5560693144798278808593750000000000000000
0.5876193046569824218750000000000000000000
0.6407226324081420898437500000000000000000
0.7169524431228637695312500000000000000000
0.8182535171508789062500000000000000000000
0.9468339085578918457031250000000000000000
1.1050266027450561523437500000000000000000
1.2951201200485229492187500000000000000000
1.5191497802734375000000000000000000000000
1.7786366939544677734375000000000000000000
2.0742478370666503906250000000000000000000
2.4053597450256347656250000000000000000000
2.7695345878601074218750000000000000000000
3.1620094776153564453125000000000000000000
3.5754122734069824218750000000000000000000
4.0000000000000000000000000000000000000000
3.0000000000000000000000000000000000000000
2.6976430416107177734375000000000000000000
2.4020094871520996093750000000000000000000
2.1191937923431396484375000000000000000000
1.8542006015777587890625000000000000000000
1.6107301712036132812500000000000000000000
1.3911955356597900390625000000000000000000
1.1968778371810913085937500000000000000000
1.0281531810760498046875000000000000000000
0.8847279548645019531250000000000000000000
0.7658675312995910644531250000000000000000
0.6706032156944274902343750000000000000000
0.5979201793670654296875000000000000000000
0.5469233393669128417968750000000000000000
0.5169778466224670410156250000000000000000
0.5078194141387939453125000000000000000000
0.5196291804313659667968750000000000000000
0.5530687570571899414062500000000000000000
0.6092724800109863281250000000000000000000
0.6897965669631958007812500000000000000000
0.7965246438980102539062500000000000000000
0.9315347671508789062500000000000000000000
1.0969293117523193359375000000000000000000
1.2946306467056274414062500000000000000000
1.5261466503143310546875000000000000000000
1.7922977209091186523437500000000000000000
2.0929141044616699218750000000000000000000
2.4265043735504150390625000000000000000000
2.7899355888366699218750000000000000000000
3.1781988143920898437500000000000000000000
3.5843880176544189453125000000000000000000
4.0000000000000000000000000000000000000000
3.0000000000000000000000000000000000000000
2.6997525691986083984375000000000000000000
2.4055554866790771484375000000000000000000
2.1230075359344482421875000000000000000000
1.8568947315216064453125000000000000000000
1.6109793186187744140625000000000000000000
1.3879370689392089843750000000000000000000
1.1894166469573974609375000000000000000000
1.0161790847778320312500000000000000000000
0.8682783842086791992187500000000000000000
0.7452630400657653808593750000000000000000
0.6463780403137207031250000000000000000000
0.5707606077194213867187500000000000000000
0.5176187753677368164062500000000000000000
0.4863857626914978027343750000000000000000
0.4768416881561279296875000000000000000000
0.4891956746578216552734375000000000000000
0.5241237878799438476562500000000000000000
0.5827581286430358886718750000000000000000
0.6666271090507507324218750000000000000000
0.7775475382804870605468750000000000000000
0.9174728393554687500000000000000000000000
1.0883026123046875000000000000000000000000
1.2916615009307861328125000000000000000000
1.5286524295806884765625000000000000000000
1.7995960712432861328125000000000000000000
2.1037666797637939453125000000000000000000
2.4391472339630126953125000000000000000000
2.8022370338439941406250000000000000000000
3.1879692077636718750000000000000000000000
3.5897972583770751953125000000000000000000
4.0000000000000000000000000000000000000000
3.0000000000000000000000000000000000000000
2.7007558345794677734375000000000000000000
2.4071562290191650390625000000000000000000
2.1244883537292480468750000000000000000000
1.8573846817016601562500000000000000000000
1.6096172332763671875000000000000000000000
1.3840054273605346679687500000000000000000
1.1824228763580322265625000000000000000000
1.0058833360671997070312500000000000000000
0.8546832799911499023437500000000000000000
0.7285796403884887695312500000000000000000
0.6269829273223876953125000000000000000000
0.5491539239883422851562500000000000000000
0.4943883419036865234375000000000000000000
0.4621788561344146728515625000000000000000
0.4523445963859558105468750000000000000000
0.4651180207729339599609375000000000000000
0.5011843442916870117187500000000000000000
0.5616682767868041992187500000000000000000
0.6480673551559448242187500000000000000000
0.7621352076530456542968750000000000000000
0.9057167172431945800781250000000000000000
1.0805466175079345703125000000000000000000
1.2880182266235351562500000000000000000000
1.5289392471313476562500000000000000000000
1.8032829761505126953125000000000000000000
2.1099619865417480468750000000000000000000
2.4466421604156494140625000000000000000000
2.8096294403076171875000000000000000000000
3.1938662528991699218750000000000000000000
3.5930647850036621093750000000000000000000
4.0000000000000000000000000000000000000000
3.0000000000000000000000000000000000000000
2.7012801170349121093750000000000000000000
2.4079546928405761718750000000000000000000
2.1251156330108642578125000000000000000000
1.8572858572006225585937500000000000000000
1.6082311868667602539062500000000000000000
1.3808485269546508789062500000000000000000
1.1771478652954101562500000000000000000000
0.9983064532279968261718750000000000000000
0.8447858095169067382812500000000000000000
0.7164908647537231445312500000000000000000
0.6129552721977233886718750000000000000000
0.5335354208946228027343750000000000000000
0.4775968492031097412109375000000000000000
0.4446818232536315917968750000000000000000
0.4346413016319274902343750000000000000000
0.4477266669273376464843750000000000000000
0.4846283495426177978515625000000000000000
0.5464617013931274414062500000000000000000
0.6346958279609680175781250000000000000000
0.7510291934013366699218750000000000000000
0.8972193002700805664062500000000000000000
1.0748728513717651367187500000000000000000
1.2852137088775634765625000000000000000000
1.5288391113281250000000000000000000000000
1.8054891824722290039062500000000000000000
2.1138446331024169921875000000000000000000
2.4513821601867675781250000000000000000000
2.8143067359924316406250000000000000000000
3.1975898742675781250000000000000000000000
3.5951244831085205078125000000000000000000
4.0000000000000000000000000000000000000000
3.0000000000000000000000000000000000000000
2.7017517089843750000000000000000000000000
2.4087405204772949218750000000000000000000
2.1259305477142333984375000000000000000000
1.8577721118927001953125000000000000000000
1.6080143451690673828125000000000000000000
1.3795956373214721679687500000000000000000
1.1746064424514770507812500000000000000000
0.9943267107009887695312500000000000000000
0.8393266797065734863281250000000000000000
0.7096131443977355957031250000000000000000
0.6048074364662170410156250000000000000000
0.5243364572525024414062500000000000000000
0.4676193594932556152343750000000000000000
0.4342367649078369140625000000000000000000
0.4240651726722717285156250000000000000000
0.4373698830604553222656250000000000000000
0.4748447537422180175781250000000000000000
0.5375957489013671875000000000000000000000
0.6270673871040344238281250000000000000000
0.7449148893356323242187500000000000000000
0.8928283452987670898437500000000000000000
1.0723212957382202148437500000000000000000
1.2844970226287841796875000000000000000000
1.5298111438751220703125000000000000000000
1.8078508377075195312500000000000000000000
2.1171529293060302734375000000000000000000
2.4550831317901611328125000000000000000000
2.8177967071533203125000000000000000000000
3.2002975940704345703125000000000000000000
3.5966019630432128906250000000000000000000
4.0000000000000000000000000000000000000000
3.0000000000000000000000000000000000000000
2.7024686336517333984375000000000000000000
2.4100716114044189453125000000000000000000
2.1276888847351074218750000000000000000000
1.8597152233123779296875000000000000000000
1.6098833084106445312500000000000000000000
1.3811472654342651367187500000000000000000
1.1756415367126464843750000000000000000000
0.9947072863578796386718750000000000000000
0.8389821052551269531250000000000000000000
0.7085393667221069335937500000000000000000
0.6030596494674682617187500000000000000000
0.5220195055007934570312500000000000000000
0.4648768007755279541015625000000000000000
0.4312405586242675781250000000000000000000
0.4210066199302673339843750000000000000000
0.4344505667686462402343750000000000000000
0.4722678065299987792968750000000000000000
0.5355564355850219726562500000000000000000
0.6257418394088745117187500000000000000000
0.7444466948509216308593750000000000000000
0.8933135271072387695312500000000000000000
1.0737915039062500000000000000000000000000
1.2869045734405517578125000000000000000000
1.5330177545547485351562500000000000000000
1.8116247653961181640625000000000000000000
2.1211779117584228515625000000000000000000
2.4589836597442626953125000000000000000000
2.8211765289306640625000000000000000000000
3.2027904987335205078125000000000000000000
3.5979251861572265625000000000000000000000
4.0000000000000000000000000000000000000000
3.0000000000000000000000000000000000000000
2.7036476135253906250000000000000000000000
2.4123601913452148437500000000000000000000
2.1309561729431152343750000000000000000000
1.8637882471084594726562500000000000000000
1.6145679950714111328125000000000000000000
1.3862488269805908203125000000000000000000
1.1809831857681274414062500000000000000000
1.0001424551010131835937500000000000000000
0.8444014787673950195312500000000000000000
0.7138720154762268066406250000000000000000
0.6082715988159179687500000000000000000000
0.5271085500717163085937500000000000000000
0.4698672294616699218750000000000000000000
0.4361763596534729003906250000000000000000
0.4259452819824218750000000000000000000000
0.4394566416740417480468750000000000000000
0.4774066507816314697265625000000000000000
0.5408870577812194824218750000000000000000
0.6313098073005676269531250000000000000000
0.7502754330635070800781250000000000000000
0.8993959426879882812500000000000000000000
1.0800813436508178710937500000000000000000
1.2933094501495361328125000000000000000000
1.5393948554992675781250000000000000000000
1.8177824020385742187500000000000000000000
2.1268842220306396484375000000000000000000
2.4639816284179687500000000000000000000000
2.8252081871032714843750000000000000000000
3.2056260108947753906250000000000000000000
3.5993895530700683593750000000000000000000
4.0000000000000000000000000000000000000000
3.0000000000000000000000000000000000000000
2.7054514884948730468750000000000000000000
2.4159173965454101562500000000000000000000
2.1361706256866455078125000000000000000000
1.8705269098281860351562500000000000000000
1.6226705312728881835937500000000000000000
1.3955421447753906250000000000000000000000
1.1912904977798461914062500000000000000000
1.0112922191619873046875000000000000000000
0.8562349081039428710937500000000000000000
0.7262467145919799804687500000000000000000
0.6210628747940063476562500000000000000000
0.5402091145515441894531250000000000000000
0.4831852316856384277343750000000000000000
0.4496321678161621093750000000000000000000
0.4394678175449371337890625000000000000000
0.4529791772365570068359375000000000000000
0.4908624291419982910156250000000000000000
0.5542050600051879882812500000000000000000
0.6444103717803955078125000000000000000000
0.7630667686462402343750000000000000000000
0.9117707014083862304687500000000000000000
1.0919148921966552734375000000000000000000
1.3044593334197998046875000000000000000000
1.5497019290924072265625000000000000000000
1.8270757198333740234375000000000000000000
2.1349866390228271484375000000000000000000
2.4707198143005371093750000000000000000000
2.8304224014282226562500000000000000000000
3.2091822624206542968750000000000000000000
3.6011936664581298828125000000000000000000
4.0000000000000000000000000000000000000000
3.0000000000000000000000000000000000000000
2.7080025672912597656250000000000000000000
2.4209828376770019531250000000000000000000
2.1436762809753417968750000000000000000000
1.8803644180297851562500000000000000000000
1.6347000598907470703125000000000000000000
1.4095942974090576171875000000000000000000
1.2071732282638549804687500000000000000000
1.0287978649139404296875000000000000000000
0.8751455545425415039062500000000000000000
0.7463404536247253417968750000000000000000
0.6421194672584533691406250000000000000000
0.5620124340057373046875000000000000000000
0.5055248737335205078125000000000000000000
0.4723035395145416259765625000000000000000
0.4622703492641448974609375000000000000000
0.4757143557071685791015625000000000000000
0.5133308172225952148437500000000000000000
0.5762045979499816894531250000000000000000
0.6657348871231079101562500000000000000000
0.7835065126419067382812500000000000000000
0.9311146736145019531250000000000000000000
1.1099549531936645507812500000000000000000
1.3209950923919677734375000000000000000000
1.5645493268966674804687500000000000000000
1.8400713205337524414062500000000000000000
2.1459946632385253906250000000000000000000
2.4796326160430908203125000000000000000000
2.8371634483337402343750000000000000000000
3.2137007713317871093750000000000000000000
3.6034595966339111328125000000000000000000
4.0000000000000000000000000000000000000000
3.0000000000000000000000000000000000000000
2.7113871574401855468750000000000000000000
2.4277274608612060546875000000000000000000
2.1537308692932128906250000000000000000000
1.8936433792114257812500000000000000000000
1.6510769128799438476562500000000000000000
1.4288994073867797851562500000000000000000
1.2291929721832275390625000000000000000000
1.0532782077789306640625000000000000000000
0.9018005132675170898437500000000000000000
0.7748606801033020019531250000000000000000
0.6721796989440917968750000000000000000000
0.5932797193527221679687500000000000000000
0.5376632809638977050781250000000000000000
0.5049762129783630371093750000000000000000
0.4951410293579101562500000000000000000000
0.5084457397460937500000000000000000000000
0.5455843210220336914062500000000000000000
0.6076394915580749511718750000000000000000
0.6960107088088989257812500000000000000000
0.8122871518135070800781250000000000000000
0.9580758810043334960937500000000000000000
1.1347953081130981445312500000000000000000
1.3434484004974365234375000000000000000000
1.5843975543975830078125000000000000000000
1.8571541309356689453125000000000000000000
2.1602153778076171875000000000000000000000
2.4909541606903076171875000000000000000000
2.8455967903137207031250000000000000000000
3.2192845344543457031250000000000000000000
3.6062374114990234375000000000000000000000
4.0000000000000000000000000000000000000000
3.0000000000000000000000000000000000000000
2.7156505584716796875000000000000000000000
2.4362506866455078125000000000000000000000
2.1664941310882568359375000000000000000000
1.9105956554412841796875000000000000000000
1.6721162796020507812500000000000000000000
1.4538598060607910156250000000000000000000
1.2578381299972534179687500000000000000000
1.0853044986724853515625000000000000000000
0.9368449449539184570312500000000000000000
0.8125144243240356445312500000000000000000
0.7120016813278198242187500000000000000000
0.6348077654838562011718750000000000000000
0.5804235935211181640625000000000000000000
0.5484887361526489257812500000000000000000
0.5389214754104614257812500000000000000000
0.5520067811012268066406250000000000000000
0.5884352922439575195312500000000000000000
0.6492884159088134765625000000000000000000
0.7359682321548461914062500000000000000000
0.8500755429267883300781250000000000000000
0.9932428598403930664062500000000000000000
1.1669319868087768554687500000000000000000
1.3722115755081176757812500000000000000000
1.6095292568206787109375000000000000000000
1.8785003423690795898437500000000000000000
2.1777296066284179687500000000000000000000
2.5046916007995605468750000000000000000000
2.8556849956512451171875000000000000000000
3.2258849143981933593750000000000000000000
3.6094946861267089843750000000000000000000
4.0000000000000000000000000000000000000000
3.0000000000000000000000000000000000000000
2.7207829952239990234375000000000000000000
2.4465456008911132812500000000000000000000
2.1819901466369628906250000000000000000000
1.9313042163848876953125000000000000000000
1.6979843378067016601562500000000000000000
1.4847415685653686523437500000000000000000
1.2934820652008056640625000000000000000000
1.1253541707992553710937500000000000000000
0.9808526039123535156250000000000000000000
0.8599594831466674804687500000000000000000
0.7623111605644226074218750000000000000000
0.6873747706413269042968750000000000000000
0.6346201300621032714843750000000000000000
0.6036750674247741699218750000000000000000
0.5944500565528869628906250000000000000000
0.6072234511375427246093750000000000000000
0.6426807045936584472656250000000000000000
0.7019001245498657226562500000000000000000
0.7862883210182189941406250000000000000000
0.8974635004997253417968750000000000000000
1.0370965003967285156250000000000000000000
1.2067158222198486328125000000000000000000
1.4074890613555908203125000000000000000000
1.6399984359741210937500000000000000000000
1.9040191173553466796875000000000000000000
2.1983289718627929687500000000000000000000
2.5205616950988769531250000000000000000000
2.8671314716339111328125000000000000000000
3.2332558631896972656250000000000000000000
3.6130924224853515625000000000000000000000
4.0000000000000000000000000000000000000000
3.0000000000000000000000000000000000000000
2.7266924381256103515625000000000000000000
2.4584569931030273437500000000000000000000
2.2000486850738525390625000000000000000000
1.9556366205215454101562500000000000000000
1.7286322116851806640625000000000000000000
1.5216109752655029296875000000000000000000
1.3363196849822998046875000000000000000000
1.1737519502639770507812500000000000000000
1.0342665910720825195312500000000000000000
0.9177408218383789062500000000000000000000
0.8237363696098327636718750000000000000000
0.7516714930534362792968750000000000000000
0.7009869813919067382812500000000000000000
0.6712932586669921875000000000000000000000
0.6624889373779296875000000000000000000000
0.6748429536819458007812500000000000000000
0.7090312242507934570312500000000000000000
0.7661264538764953613281250000000000000000
0.8475381135940551757812500000000000000000
0.9549058675765991210937500000000000000000
1.0899505615234375000000000000000000000000
1.2542906999588012695312500000000000000000
1.4492342472076416015625000000000000000000
1.6755554676055908203125000000000000000000
1.9332700967788696289062500000000000000000
2.2214195728302001953125000000000000000000
2.5378890037536621093750000000000000000000
2.8792781829833984375000000000000000000000
3.2408709526062011718750000000000000000000
3.6167368888854980468750000000000000000000
4.0000000000000000000000000000000000000000
3.0000000000000000000000000000000000000000
2.7331614494323730468750000000000000000000
2.4716057777404785156250000000000000000000
2.2202124595642089843750000000000000000000
1.9831517934799194335937500000000000000000
1.7637103796005249023437500000000000000000
1.5642563104629516601562500000000000000000
1.3862977027893066406250000000000000000000
1.2305996417999267578125000000000000000000
1.0973298549652099609375000000000000000000
0.9862205386161804199218750000000000000000
0.8967335820198059082031250000000000000000
0.8282246589660644531250000000000000000000
0.7800980806350708007812500000000000000000
0.7519426345825195312500000000000000000000
0.7436424493789672851562500000000000000000
0.7554520964622497558593750000000000000000
0.7880335450172424316406250000000000000000
0.8424471020698547363281250000000000000000
0.9201008677482604980468750000000000000000
1.0226548910140991210937500000000000000000
1.1518877744674682617187500000000000000000
1.3095312118530273437500000000000000000000
1.4970772266387939453125000000000000000000
1.7155663967132568359375000000000000000000
1.9653584957122802734375000000000000000000
2.2458941936492919921875000000000000000000
2.5554559230804443359375000000000000000000
2.8909542560577392578125000000000000000000
3.2477951049804687500000000000000000000000
3.6199066638946533203125000000000000000000
4.0000000000000000000000000000000000000000
3.0000000000000000000000000000000000000000
2.7397811412811279296875000000000000000000
2.4852702617645263671875000000000000000000
2.2416079044342041015625000000000000000000
2.0129773616790771484375000000000000000000
1.8024629354476928710937500000000000000000
1.6121028661727905273437500000000000000000
1.4430408477783203125000000000000000000000
1.2957118749618530273437500000000000000000
1.1700203418731689453125000000000000000000
1.0655084848403930664062500000000000000000
0.9815137982368469238281250000000000000000
0.9173182249069213867187500000000000000000
0.8722852468490600585937500000000000000000
0.8459807634353637695312500000000000000000
0.8382719755172729492187500000000000000000
0.8493952751159667968750000000000000000000
0.8799902796745300292968750000000000000000
0.9310962557792663574218750000000000000000
1.0041083097457885742187500000000000000000
1.1006990671157836914062500000000000000000
1.2227054834365844726562500000000000000000
1.3719885349273681640625000000000000000000
1.5502675771713256835937500000000000000000
1.7589324712753295898437500000000000000000
1.9988229274749755859375000000000000000000
2.2699713706970214843750000000000000000000
2.5712926387786865234375000000000000000000
2.9002375602722167968750000000000000000000
3.2524707317352294921875000000000000000000
3.6217224597930908203125000000000000000000
4.0000000000000000000000000000000000000000
3.0000000000000000000000000000000000000000
2.7458269596099853515625000000000000000000
2.4981997013092041015625000000000000000000
2.2627441883087158203125000000000000000000
2.0436456203460693359375000000000000000000
1.8436138629913330078125000000000000000000
1.6641349792480468750000000000000000000000
1.5057969093322753906250000000000000000000
1.3685663938522338867187500000000000000000
1.2520002126693725585937500000000000000000
1.1554062366485595703125000000000000000000
1.0779799222946166992187500000000000000000
1.0189241170883178710937500000000000000000
0.9775641560554504394531250000000000000000
0.9534454345703125000000000000000000000000
0.9464184641838073730468750000000000000000
0.9566972851753234863281250000000000000000
0.9848895072937011718750000000000000000000
1.0319975614547729492187500000000000000000
1.0993859767913818359375000000000000000000
1.1887204647064208984375000000000000000000
1.3018828630447387695312500000000000000000
1.4408646821975708007812500000000000000000
1.6076437234878540039062500000000000000000
1.8040401935577392578125000000000000000000
2.0315337181091308593750000000000000000000
2.2910125255584716796875000000000000000000
2.5823943614959716796875000000000000000000
2.9040946960449218750000000000000000000000
3.2523579597473144531250000000000000000000
3.6207175254821777343750000000000000000000
4.0000000000000000000000000000000000000000
3.0000000000000000000000000000000000000000
2.7500376701354980468750000000000000000000
2.5082836151123046875000000000000000000000
2.2812185287475585937500000000000000000000
2.0728948116302490234375000000000000000000
1.8852573633193969726562500000000000000000
1.7188489437103271484375000000000000000000
1.5734157562255859375000000000000000000000
1.4482886791229248046875000000000000000000
1.3425936698913574218750000000000000000000
1.2553755044937133789062500000000000000000
1.1856825351715087890625000000000000000000
1.1326497793197631835937500000000000000000
1.0955744981765747070312500000000000000000
1.0739918947219848632812500000000000000000
1.0677390098571777343750000000000000000000
1.0770028829574584960937500000000000000000
1.1023478507995605468750000000000000000000
1.1447184085845947265625000000000000000000
1.2054197788238525390625000000000000000000
1.2860776185989379882812500000000000000000
1.3885838985443115234375000000000000000000
1.5150343179702758789062500000000000000000
1.6676638126373291015625000000000000000000
1.8487762212753295898437500000000000000000
2.0606482028961181640625000000000000000000
2.3053464889526367187500000000000000000000
2.5843510627746582031250000000000000000000
2.8978049755096435546875000000000000000000
3.2432944774627685546875000000000000000000
3.6143996715545654296875000000000000000000
4.0000000000000000000000000000000000000000
3.0000000000000000000000000000000000000000
2.7501413822174072265625000000000000000000
2.5119333267211914062500000000000000000000
2.2932503223419189453125000000000000000000
2.0974378585815429687500000000000000000000
1.9248039722442626953125000000000000000000
1.7742798328399658203125000000000000000000
1.6443977355957031250000000000000000000000
1.5336900949478149414062500000000000000000
1.4408068656921386718750000000000000000000
1.3645346164703369140625000000000000000000
1.3038032054901123046875000000000000000000
1.2577075958251953125000000000000000000000
1.2255432605743408203125000000000000000000
1.2068513631820678710937500000000000000000
1.2014639377593994140625000000000000000000
1.2095376253128051757812500000000000000000
1.2315785884857177734375000000000000000000
1.2684472799301147460937500000000000000000
1.3213510513305664062500000000000000000000
1.3918238878250122070312500000000000000000
1.4817056655883789062500000000000000000000
1.5931290388107299804687500000000000000000
1.7285255193710327148437500000000000000000
1.8906627893447875976562500000000000000000
2.0826973915100097656250000000000000000000
2.3081910610198974609375000000000000000000
2.5709137916564941406250000000000000000000
2.8740563392639160156250000000000000000000
3.2182693481445312500000000000000000000000
3.5983078479766845703125000000000000000000
4.0000000000000000000000000000000000000000
3.0000000000000000000000000000000000000000
2.7417287826538085937500000000000000000000
2.5028469562530517578125000000000000000000
2.2929973602294921875000000000000000000000
2.1128029823303222656250000000000000000000
1.9590771198272705078125000000000000000000
1.8281676769256591796875000000000000000000
1.7170410156250000000000000000000000000000
1.6233756542205810546875000000000000000000
1.5453931093215942382812500000000000000000
1.4816974401473999023437500000000000000000
1.4311681985855102539062500000000000000000
1.3929162025451660156250000000000000000000
1.3662754297256469726562500000000000000000
1.3508183956146240234375000000000000000000
1.3463832139968872070312500000000000000000
1.3530949354171752929687500000000000000000
1.3713853359222412109375000000000000000000
1.4019997119903564453125000000000000000000
1.4459998607635498046875000000000000000000
1.5047591924667358398437500000000000000000
1.5799740552902221679687500000000000000000
1.6736940145492553710937500000000000000000
1.7884019613265991210937500000000000000000
1.9271733760833740234375000000000000000000
2.0939388275146484375000000000000000000000
2.2938592433929443359375000000000000000000
2.5336840152740478515625000000000000000000
2.8215820789337158203125000000000000000000
3.1649632453918457031250000000000000000000
3.5637664794921875000000000000000000000000
4.0000000000000000000000000000000000000000
3.0000000000000000000000000000000000000000
2.7151210308074951171875000000000000000000
2.4694645404815673828125000000000000000000
2.2717938423156738281250000000000000000000
2.1135423183441162109375000000000000000000
1.9847596883773803710937500000000000000000
1.8783442974090576171875000000000000000000
1.7897148132324218750000000000000000000000
1.7159168720245361328125000000000000000000
1.6549621820449829101562500000000000000000
1.6054372787475585937500000000000000000000
1.5662901401519775390625000000000000000000
1.5367274284362792968750000000000000000000
1.5161737203598022460937500000000000000000
1.5042655467987060546875000000000000000000
1.5008608102798461914062500000000000000000
1.5060532093048095703125000000000000000000
1.5201833248138427734375000000000000000000
1.5438501834869384765625000000000000000000
1.5779138803482055664062500000000000000000
1.6235094070434570312500000000000000000000
1.6820719242095947265625000000000000000000
1.7553991079330444335937500000000000000000
1.8457845449447631835937500000000000000000
1.9562721252441406250000000000000000000000
2.0911262035369873046875000000000000000000
2.2566518783569335937500000000000000000000
2.4625337123870849609375000000000000000000
2.7236354351043701171875000000000000000000
3.0606503486633300781250000000000000000000
3.4916186332702636718750000000000000000000
4.0000000000000000000000000000000000000000
3.0000000000000000000000000000000000000000
2.6448397636413574218750000000000000000000
2.3903777599334716796875000000000000000000
2.2185163497924804687500000000000000000000
2.0945703983306884765625000000000000000000
1.9994376897811889648437500000000000000000
1.9233758449554443359375000000000000000000
1.8612248897552490234375000000000000000000
1.8100637197494506835937500000000000000000
1.7681071758270263671875000000000000000000
1.7341735363006591796875000000000000000000
1.7074317932128906250000000000000000000000
1.6872781515121459960937500000000000000000
1.6732858419418334960937500000000000000000
1.6651878356933593750000000000000000000000
1.6628787517547607421875000000000000000000
1.6664202213287353515625000000000000000000
1.6760485172271728515625000000000000000000
1.6921828985214233398437500000000000000000
1.7154333591461181640625000000000000000000
1.7466129064559936523437500000000000000000
1.7867715358734130859375000000000000000000
1.8372606039047241210937500000000000000000
1.8998734951019287109375000000000000000000
1.9771192073822021484375000000000000000000
2.0727655887603759765625000000000000000000
2.1929204463958740234375000000000000000000
2.3482575416564941406250000000000000000000
2.5587096214294433593750000000000000000000
2.8630149364471435546875000000000000000000
3.3311576843261718750000000000000000000000
4.0000000000000000000000000000000000000000
3.0000000000000000000000000000000000000000
2.4451854228973388671875000000000000000000
2.2347860336303710937500000000000000000000
2.1250698566436767578125000000000000000000
2.0545177459716796875000000000000000000000
2.0032157897949218750000000000000000000000
1.9633001089096069335937500000000000000000
1.9311587810516357421875000000000000000000
1.9049217700958251953125000000000000000000
1.8835127353668212890625000000000000000000
1.8662521839141845703125000000000000000000
1.8526771068572998046875000000000000000000
1.8424603939056396484375000000000000000000
1.8353735208511352539062500000000000000000
1.8312747478485107421875000000000000000000
1.8301082849502563476562500000000000000000
1.8319036960601806640625000000000000000000
1.8367826938629150390625000000000000000000
1.8449615240097045898437500000000000000000
1.8567565679550170898437500000000000000000
1.8725936412811279296875000000000000000000
1.8930288553237915039062500000000000000000
1.9187911748886108398437500000000000000000
1.9508720636367797851562500000000000000000
1.9907051324844360351562500000000000000000
2.0405411720275878906250000000000000000000
2.1042561531066894531250000000000000000000
2.1892516613006591796875000000000000000000
2.3114809989929199218750000000000000000000
2.5110421180725097656250000000000000000000
2.9112815856933593750000000000000000000000
4.0000000000000000000000000000000000000000
2.0000000000000000000000000000000000000000
2.0000000000000000000000000000000000000000
2.0000000000000000000000000000000000000000
2.0000000000000000000000000000000000000000
2.0000000000000000000000000000000000000000
2.0000000000000000000000000000000000000000
2.0000000000000000000000000000000000000000
2.0000000000000000000000000000000000000000
2.0000000000000000000000000000000000000000
2.0000000000000000000000000000000000000000
2.0000000000000000000000000000000000000000
2.0000000000000000000000000000000000000000
2.0000000000000000000000000000000000000000
2.0000000000000000000000000000000000000000
2.0000000000000000000000000000000000000000
2.0000000000000000000000000000000000000000
2.0000000000000000000000000000000000000000
2.0000000000000000000000000000000000000000
2.0000000000000000000000000000000000000000
2.0000000000000000000000000000000000000000
2.0000000000000000000000000000000000000000
2.0000000000000000000000000000000000000000
2.0000000000000000000000000000000000000000
2.0000000000000000000000000000000000000000
2.0000000000000000000000000000000000000000
2.0000000000000000000000000000000000000000
2.0000000000000000000000000000000000000000
2.0000000000000000000000000000000000000000
2.0000000000000000000000000000000000000000
2.0000000000000000000000000000000000000000
2.0000000000000000000000000000000000000000
2.0000000000000000000000000000000000000000
