1.0000000000000000000000000000000000000000
1.0000000000000000000000000000000000000000
1.0000000000000000000000000000000000000000
1.0000000000000000000000000000000000000000
1.0000000000000000000000000000000000000000
1.0000000000000000000000000000000000000000
1.0000000000000000000000000000000000000000
1.0000000000000000000000000000000000000000
1.0000000000000000000000000000000000000000
1.0000000000000000000000000000000000000000
1.0000000000000000000000000000000000000000
1.0000000000000000000000000000000000000000
1.0000000000000000000000000000000000000000
1.0000000000000000000000000000000000000000
1.0000000000000000000000000000000000000000
1.0000000000000000000000000000000000000000
1.0000000000000000000000000000000000000000
1.0000000000000000000000000000000000000000
1.0000000000000000000000000000000000000000
1.0000000000000000000000000000000000000000
1.0000000000000000000000000000000000000000
1.0000000000000000000000000000000000000000
1.0000000000000000000000000000000000000000
1.0000000000000000000000000000000000000000
1.0000000000000000000000000000000000000000
1.0000000000000000000000000000000000000000
1.0000000000000000000000000000000000000000
1.0000000000000000000000000000000000000000
1.0000000000000000000000000000000000000000
1.0000000000000000000000000000000000000000
1.0000000000000000000000000000000000000000
1.0000000000000000000000000000000000000000
3.0000000000000000000000000000000000000000
1.7779388427734375000000000000000000000000
1.2064552307128906250000000000000000000000
0.9096908569335937500000000000000000000000
0.7633895874023437500000000000000000000000
0.6972885131835937500000000000000000000000
0.6732759475708007812500000000000000000000
0.6656818389892578125000000000000000000000
0.6639842987060546875000000000000000000000
0.6636600494384765625000000000000000000000
0.6636266708374023437500000000000000000000
0.6636238098144531250000000000000000000000
0.6636238098144531250000000000000000000000
0.6636238098144531250000000000000000000000
0.6636238098144531250000000000000000000000
0.6636238098144531250000000000000000000000
0.6636238098144531250000000000000000000000
0.6636238098144531250000000000000000000000
0.6636238098144531250000000000000000000000
0.6636238098144531250000000000000000000000
0.6636238098144531250000000000000000000000
0.6636276245117187500000000000000000000000
0.6636724472045898437500000000000000000000
0.6641063690185546875000000000000000000000
0.6663904190063476562500000000000000000000
0.6766014099121093750000000000000000000000
0.7090797424316406250000000000000000000000
0.7987899780273437500000000000000000000000
0.9993591308593750000000000000000000000000
1.4114608764648437500000000000000000000000
2.2224235534667968750000000000000000000000
4.0000000000000000000000000000000000000000
3.0000000000000000000000000000000000000000
1.9793205261230468750000000000000000000000
1.2492218017578125000000000000000000000000
0.7988319396972656250000000000000000000000
0.5528888702392578125000000000000000000000
0.4422760009765625000000000000000000000000
0.3994646072387695312500000000000000000000
0.3869304656982421875000000000000000000000
0.3838624954223632812500000000000000000000
0.3833732604980468750000000000000000000000
0.3833131790161132812500000000000000000000
0.3833103179931640625000000000000000000000
0.3833103179931640625000000000000000000000
0.3833103179931640625000000000000000000000
0.3833103179931640625000000000000000000000
0.3833103179931640625000000000000000000000
0.3833103179931640625000000000000000000000
0.3833103179931640625000000000000000000000
0.3833103179931640625000000000000000000000
0.3833103179931640625000000000000000000000
0.3833103179931640625000000000000000000000
0.3833141326904296875000000000000000000000
0.3833942413330078125000000000000000000000
0.3840494155883789062500000000000000000000
0.3881530761718750000000000000000000000000
0.4049873352050781250000000000000000000000
0.4625167846679687500000000000000000000000
0.6119136810302734375000000000000000000000
0.9454231262207031250000000000000000000000
1.5615272521972656250000000000000000000000
2.5707588195800781250000000000000000000000
4.0000000000000000000000000000000000000000
3.0000000000000000000000000000000000000000
2.0117263793945312500000000000000000000000
1.2237663269042968750000000000000000000000
0.6940689086914062500000000000000000000000
0.3996620178222656250000000000000000000000
0.2609252929687500000000000000000000000000
0.2093019485473632812500000000000000000000
0.1934413909912109375000000000000000000000
0.1899108886718750000000000000000000000000
0.1893100738525390625000000000000000000000
0.1892499923706054687500000000000000000000
0.1892471313476562500000000000000000000000
0.1892471313476562500000000000000000000000
0.1892471313476562500000000000000000000000
0.1892471313476562500000000000000000000000
0.1892471313476562500000000000000000000000
0.1892471313476562500000000000000000000000
0.1892471313476562500000000000000000000000
0.1892471313476562500000000000000000000000
0.1892471313476562500000000000000000000000
0.1892471313476562500000000000000000000000
0.1892509460449218750000000000000000000000
0.1893310546875000000000000000000000000000
0.1901321411132812500000000000000000000000
0.1948509216308593750000000000000000000000
0.2160453796386718750000000000000000000000
0.2852191925048828125000000000000000000000
0.4712944030761718750000000000000000000000
0.8675861358642578125000000000000000000000
1.5828247070312500000000000000000000000000
2.6524124145507812500000000000000000000000
4.0000000000000000000000000000000000000000
3.0000000000000000000000000000000000000000
2.0069656372070312500000000000000000000000
1.1864681243896484375000000000000000000000
0.6259269714355468750000000000000000000000
0.3050842285156250000000000000000000000000
0.1562690734863281250000000000000000000000
0.0995054244995117187500000000000000000000
0.0828227996826171875000000000000000000000
0.0790176391601562500000000000000000000000
0.0784168243408203125000000000000000000000
0.0783567428588867187500000000000000000000
0.0783538818359375000000000000000000000000
0.0783538818359375000000000000000000000000
0.0783538818359375000000000000000000000000
0.0783538818359375000000000000000000000000
0.0783538818359375000000000000000000000000
0.0783538818359375000000000000000000000000
0.0783538818359375000000000000000000000000
0.0783538818359375000000000000000000000000
0.0783538818359375000000000000000000000000
0.0783538818359375000000000000000000000000
0.0783576965332031250000000000000000000000
0.0784378051757812500000000000000000000000
0.0792388916015625000000000000000000000000
0.0843124389648437500000000000000000000000
0.1065826416015625000000000000000000000000
0.1823654174804687500000000000000000000000
0.3813552856445312500000000000000000000000
0.8106918334960937500000000000000000000000
1.5622825622558593750000000000000000000000
2.6641540527343750000000000000000000000000
4.0000000000000000000000000000000000000000
3.0000000000000000000000000000000000000000
1.9975357055664062500000000000000000000000
1.1649017333984375000000000000000000000000
0.5884246826171875000000000000000000000000
0.2600364685058593750000000000000000000000
0.1059341430664062500000000000000000000000
0.0481958389282226562500000000000000000000
0.0310726165771484375000000000000000000000
0.0272674560546875000000000000000000000000
0.0266666412353515625000000000000000000000
0.0266065597534179687500000000000000000000
0.0266036987304687500000000000000000000000
0.0266036987304687500000000000000000000000
0.0266036987304687500000000000000000000000
0.0266036987304687500000000000000000000000
0.0266036987304687500000000000000000000000
0.0266036987304687500000000000000000000000
0.0266036987304687500000000000000000000000
0.0266036987304687500000000000000000000000
0.0266036987304687500000000000000000000000
0.0266036987304687500000000000000000000000
0.0266075134277343750000000000000000000000
0.0266876220703125000000000000000000000000
0.0274887084960937500000000000000000000000
0.0325622558593750000000000000000000000000
0.0553932189941406250000000000000000000000
0.1324176788330078125000000000000000000000
0.3380165100097656250000000000000000000000
0.7764682769775390625000000000000000000000
1.5464553833007812500000000000000000000000
2.6594505310058593750000000000000000000000
4.0000000000000000000000000000000000000000
3.0000000000000000000000000000000000000000
1.9932241439819335937500000000000000000000
1.1542119979858398437500000000000000000000
0.5739583969116210937500000000000000000000
0.2418985366821289062500000000000000000000
0.0870084762573242187500000000000000000000
0.0287895202636718750000000000000000000000
0.0116662979125976562500000000000000000000
0.0078611373901367187500000000000000000000
0.0072603225708007812500000000000000000000
0.0072002410888671875000000000000000000000
0.0071973800659179687500000000000000000000
0.0071973800659179687500000000000000000000
0.0071973800659179687500000000000000000000
0.0071973800659179687500000000000000000000
0.0071973800659179687500000000000000000000
0.0071973800659179687500000000000000000000
0.0071973800659179687500000000000000000000
0.0071973800659179687500000000000000000000
0.0071973800659179687500000000000000000000
0.0071973800659179687500000000000000000000
0.0072011947631835937500000000000000000000
0.0072813034057617187500000000000000000000
0.0080823898315429687500000000000000000000
0.0131559371948242187500000000000000000000
0.0359869003295898437500000000000000000000
0.1136121749877929687500000000000000000000
0.3201723098754882812500000000000000000000
0.7630300521850585937500000000000000000000
1.5371084213256835937500000000000000000000
2.6565237045288085937500000000000000000000
4.0000000000000000000000000000000000000000
3.0000000000000000000000000000000000000000
1.9913768768310546875000000000000000000000
1.1510105133056640625000000000000000000000
0.5690479278564453125000000000000000000000
0.2365512847900390625000000000000000000000
0.0813007354736328125000000000000000000000
0.0230817794799804687500000000000000000000
0.0059585571289062500000000000000000000000
0.0021533966064453125000000000000000000000
0.0015525817871093750000000000000000000000
0.0014925003051757812500000000000000000000
0.0014896392822265625000000000000000000000
0.0014896392822265625000000000000000000000
0.0014896392822265625000000000000000000000
0.0014896392822265625000000000000000000000
0.0014896392822265625000000000000000000000
0.0014896392822265625000000000000000000000
0.0014896392822265625000000000000000000000
0.0014896392822265625000000000000000000000
0.0014896392822265625000000000000000000000
0.0014896392822265625000000000000000000000
0.0014934539794921875000000000000000000000
0.0015735626220703125000000000000000000000
0.0023746490478515625000000000000000000000
0.0074481964111328125000000000000000000000
0.0302791595458984375000000000000000000000
0.1079044342041015625000000000000000000000
0.3149051666259765625000000000000000000000
0.7582607269287109375000000000000000000000
1.5342731475830078125000000000000000000000
2.6549329757690429687500000000000000000000
4.0000000000000000000000000000000000000000
3.0000000000000000000000000000000000000000
1.9909763336181640625000000000000000000000
1.1500921249389648437500000000000000000000
0.5679626464843750000000000000000000000000
0.2352828979492187500000000000000000000000
0.0800323486328125000000000000000000000000
0.0218133926391601562500000000000000000000
0.0046901702880859375000000000000000000000
0.0008850097656250000000000000000000000000
0.0002841949462890625000000000000000000000
0.0002241134643554687500000000000000000000
0.0002212524414062500000000000000000000000
0.0002212524414062500000000000000000000000
0.0002212524414062500000000000000000000000
0.0002212524414062500000000000000000000000
0.0002212524414062500000000000000000000000
0.0002212524414062500000000000000000000000
0.0002212524414062500000000000000000000000
0.0002212524414062500000000000000000000000
0.0002212524414062500000000000000000000000
0.0002212524414062500000000000000000000000
0.0002250671386718750000000000000000000000
0.0003051757812500000000000000000000000000
0.0011062622070312500000000000000000000000
0.0061798095703125000000000000000000000000
0.0290107727050781250000000000000000000000
0.1066360473632812500000000000000000000000
0.3136367797851562500000000000000000000000
0.7572097778320312500000000000000000000000
1.5333938598632812500000000000000000000000
2.6545944213867187500000000000000000000000
4.0000000000000000000000000000000000000000
3.0000000000000000000000000000000000000000
1.9908809661865234375000000000000000000000
1.1499519348144531250000000000000000000000
0.5677623748779296875000000000000000000000
0.2350826263427734375000000000000000000000
0.0798320770263671875000000000000000000000
0.0216131210327148437500000000000000000000
0.0044898986816406250000000000000000000000
0.0006847381591796875000000000000000000000
0.0000839233398437500000000000000000000000
0.0000238418579101562500000000000000000000
0.0000209808349609375000000000000000000000
0.0000209808349609375000000000000000000000
0.0000209808349609375000000000000000000000
0.0000209808349609375000000000000000000000
0.0000209808349609375000000000000000000000
0.0000209808349609375000000000000000000000
0.0000209808349609375000000000000000000000
0.0000209808349609375000000000000000000000
0.0000209808349609375000000000000000000000
0.0000209808349609375000000000000000000000
0.0000247955322265625000000000000000000000
0.0001049041748046875000000000000000000000
0.0009059906005859375000000000000000000000
0.0059795379638671875000000000000000000000
0.0288105010986328125000000000000000000000
0.1064357757568359375000000000000000000000
0.3134365081787109375000000000000000000000
0.7570095062255859375000000000000000000000
1.5332622528076171875000000000000000000000
2.6545038223266601562500000000000000000000
4.0000000000000000000000000000000000000000
3.0000000000000000000000000000000000000000
1.9908723831176757812500000000000000000000
1.1499319076538085937500000000000000000000
0.5677423477172851562500000000000000000000
0.2350625991821289062500000000000000000000
0.0798120498657226562500000000000000000000
0.0215930938720703125000000000000000000000
0.0044698715209960937500000000000000000000
0.0006647109985351562500000000000000000000
0.0000638961791992187500000000000000000000
0.0000038146972656250000000000000000000000
0.0000009536743164062500000000000000000000
0.0000009536743164062500000000000000000000
0.0000009536743164062500000000000000000000
0.0000009536743164062500000000000000000000
0.0000009536743164062500000000000000000000
0.0000009536743164062500000000000000000000
0.0000009536743164062500000000000000000000
0.0000009536743164062500000000000000000000
0.0000009536743164062500000000000000000000
0.0000009536743164062500000000000000000000
0.0000047683715820312500000000000000000000
0.0000848770141601562500000000000000000000
0.0008859634399414062500000000000000000000
0.0059595108032226562500000000000000000000
0.0287904739379882812500000000000000000000
0.1064157485961914062500000000000000000000
0.3134164810180664062500000000000000000000
0.7569894790649414062500000000000000000000
1.5332422256469726562500000000000000000000
2.6544961929321289062500000000000000000000
4.0000000000000000000000000000000000000000
3.0000000000000000000000000000000000000000
1.9908714294433593750000000000000000000000
1.1499309539794921875000000000000000000000
0.5677413940429687500000000000000000000000
0.2350616455078125000000000000000000000000
0.0798110961914062500000000000000000000000
0.0215921401977539062500000000000000000000
0.0044689178466796875000000000000000000000
0.0006637573242187500000000000000000000000
0.0000629425048828125000000000000000000000
0.0000028610229492187500000000000000000000
0.0000000000000000000000000000000000000000
0.0000000000000000000000000000000000000000
0.0000000000000000000000000000000000000000
0.0000000000000000000000000000000000000000
0.0000000000000000000000000000000000000000
0.0000000000000000000000000000000000000000
0.0000000000000000000000000000000000000000
0.0000000000000000000000000000000000000000
0.0000000000000000000000000000000000000000
0.0000000000000000000000000000000000000000
0.0000038146972656250000000000000000000000
0.0000839233398437500000000000000000000000
0.0008850097656250000000000000000000000000
0.0059585571289062500000000000000000000000
0.0287895202636718750000000000000000000000
0.1064147949218750000000000000000000000000
0.3134155273437500000000000000000000000000
0.7569885253906250000000000000000000000000
1.5332412719726562500000000000000000000000
2.6544952392578125000000000000000000000000
4.0000000000000000000000000000000000000000
3.0000000000000000000000000000000000000000
1.9908714294433593750000000000000000000000
1.1499309539794921875000000000000000000000
0.5677413940429687500000000000000000000000
0.2350616455078125000000000000000000000000
0.0798110961914062500000000000000000000000
0.0215921401977539062500000000000000000000
0.0044689178466796875000000000000000000000
0.0006637573242187500000000000000000000000
0.0000629425048828125000000000000000000000
0.0000028610229492187500000000000000000000
0.0000000000000000000000000000000000000000
0.0000000000000000000000000000000000000000
0.0000000000000000000000000000000000000000
0.0000000000000000000000000000000000000000
0.0000000000000000000000000000000000000000
0.0000000000000000000000000000000000000000
0.0000000000000000000000000000000000000000
0.0000000000000000000000000000000000000000
0.0000000000000000000000000000000000000000
0.0000000000000000000000000000000000000000
0.0000038146972656250000000000000000000000
0.0000839233398437500000000000000000000000
0.0008850097656250000000000000000000000000
0.0059585571289062500000000000000000000000
0.0287895202636718750000000000000000000000
0.1064147949218750000000000000000000000000
0.3134155273437500000000000000000000000000
0.7569885253906250000000000000000000000000
1.5332412719726562500000000000000000000000
2.6544952392578125000000000000000000000000
4.0000000000000000000000000000000000000000
3.0000000000000000000000000000000000000000
1.9908714294433593750000000000000000000000
1.1499309539794921875000000000000000000000
0.5677413940429687500000000000000000000000
0.2350616455078125000000000000000000000000
0.0798110961914062500000000000000000000000
0.0215921401977539062500000000000000000000
0.0044689178466796875000000000000000000000
0.0006637573242187500000000000000000000000
0.0000629425048828125000000000000000000000
0.0000028610229492187500000000000000000000
0.0000000000000000000000000000000000000000
0.0000000000000000000000000000000000000000
0.0000000000000000000000000000000000000000
0.0000000000000000000000000000000000000000
0.0000000000000000000000000000000000000000
0.0000000000000000000000000000000000000000
0.0000000000000000000000000000000000000000
0.0000000000000000000000000000000000000000
0.0000000000000000000000000000000000000000
0.0000000000000000000000000000000000000000
0.0000038146972656250000000000000000000000
0.0000839233398437500000000000000000000000
0.0008850097656250000000000000000000000000
0.0059585571289062500000000000000000000000
0.0287895202636718750000000000000000000000
0.1064147949218750000000000000000000000000
0.3134155273437500000000000000000000000000
0.7569885253906250000000000000000000000000
1.5332412719726562500000000000000000000000
2.6544952392578125000000000000000000000000
4.0000000000000000000000000000000000000000
3.0000000000000000000000000000000000000000
1.9908714294433593750000000000000000000000
1.1499309539794921875000000000000000000000
0.5677413940429687500000000000000000000000
0.2350616455078125000000000000000000000000
0.0798110961914062500000000000000000000000
0.0215921401977539062500000000000000000000
0.0044689178466796875000000000000000000000
0.0006637573242187500000000000000000000000
0.0000629425048828125000000000000000000000
0.0000028610229492187500000000000000000000
0.0000000000000000000000000000000000000000
0.0000000000000000000000000000000000000000
0.0000000000000000000000000000000000000000
0.0000000000000000000000000000000000000000
0.0000000000000000000000000000000000000000
0.0000000000000000000000000000000000000000
0.0000000000000000000000000000000000000000
0.0000000000000000000000000000000000000000
0.0000000000000000000000000000000000000000
0.0000000000000000000000000000000000000000
0.0000038146972656250000000000000000000000
0.0000839233398437500000000000000000000000
0.0008850097656250000000000000000000000000
0.0059585571289062500000000000000000000000
0.0287895202636718750000000000000000000000
0.1064147949218750000000000000000000000000
0.3134155273437500000000000000000000000000
0.7569885253906250000000000000000000000000
1.5332412719726562500000000000000000000000
2.6544952392578125000000000000000000000000
4.0000000000000000000000000000000000000000
3.0000000000000000000000000000000000000000
1.9908714294433593750000000000000000000000
1.1499309539794921875000000000000000000000
0.5677413940429687500000000000000000000000
0.2350616455078125000000000000000000000000
0.0798110961914062500000000000000000000000
0.0215921401977539062500000000000000000000
0.0044689178466796875000000000000000000000
0.0006637573242187500000000000000000000000
0.0000629425048828125000000000000000000000
0.0000028610229492187500000000000000000000
0.0000000000000000000000000000000000000000
0.0000000000000000000000000000000000000000
0.0000000000000000000000000000000000000000
0.0000000000000000000000000000000000000000
0.0000000000000000000000000000000000000000
0.0000000000000000000000000000000000000000
0.0000000000000000000000000000000000000000
0.0000000000000000000000000000000000000000
0.0000000000000000000000000000000000000000
0.0000000000000000000000000000000000000000
0.0000038146972656250000000000000000000000
0.0000839233398437500000000000000000000000
0.0008850097656250000000000000000000000000
0.0059585571289062500000000000000000000000
0.0287895202636718750000000000000000000000
0.1064147949218750000000000000000000000000
0.3134155273437500000000000000000000000000
0.7569885253906250000000000000000000000000
1.5332412719726562500000000000000000000000
2.6544952392578125000000000000000000000000
4.0000000000000000000000000000000000000000
3.0000000000000000000000000000000000000000
1.9908714294433593750000000000000000000000
1.1499309539794921875000000000000000000000
0.5677413940429687500000000000000000000000
0.2350616455078125000000000000000000000000
0.0798110961914062500000000000000000000000
0.0215921401977539062500000000000000000000
0.0044689178466796875000000000000000000000
0.0006637573242187500000000000000000000000
0.0000629425048828125000000000000000000000
0.0000028610229492187500000000000000000000
0.0000000000000000000000000000000000000000
0.0000000000000000000000000000000000000000
0.0000000000000000000000000000000000000000
0.0000000000000000000000000000000000000000
0.0000000000000000000000000000000000000000
0.0000000000000000000000000000000000000000
0.0000000000000000000000000000000000000000
0.0000000000000000000000000000000000000000
0.0000000000000000000000000000000000000000
0.0000000000000000000000000000000000000000
0.0000038146972656250000000000000000000000
0.0000839233398437500000000000000000000000
0.0008850097656250000000000000000000000000
0.0059585571289062500000000000000000000000
0.0287895202636718750000000000000000000000
0.1064147949218750000000000000000000000000
0.3134155273437500000000000000000000000000
0.7569885253906250000000000000000000000000
1.5332412719726562500000000000000000000000
2.6544952392578125000000000000000000000000
4.0000000000000000000000000000000000000000
3.0000000000000000000000000000000000000000
1.9908714294433593750000000000000000000000
1.1499309539794921875000000000000000000000
0.5677413940429687500000000000000000000000
0.2350616455078125000000000000000000000000
0.0798110961914062500000000000000000000000
0.0215921401977539062500000000000000000000
0.0044689178466796875000000000000000000000
0.0006637573242187500000000000000000000000
0.0000629425048828125000000000000000000000
0.0000028610229492187500000000000000000000
0.0000000000000000000000000000000000000000
0.0000000000000000000000000000000000000000
0.0000000000000000000000000000000000000000
0.0000000000000000000000000000000000000000
0.0000000000000000000000000000000000000000
0.0000000000000000000000000000000000000000
0.0000000000000000000000000000000000000000
0.0000000000000000000000000000000000000000
0.0000000000000000000000000000000000000000
0.0000000000000000000000000000000000000000
0.0000038146972656250000000000000000000000
0.0000839233398437500000000000000000000000
0.0008850097656250000000000000000000000000
0.0059585571289062500000000000000000000000
0.0287895202636718750000000000000000000000
0.1064147949218750000000000000000000000000
0.3134155273437500000000000000000000000000
0.7569885253906250000000000000000000000000
1.5332412719726562500000000000000000000000
2.6544952392578125000000000000000000000000
4.0000000000000000000000000000000000000000
3.0000000000000000000000000000000000000000
1.9908714294433593750000000000000000000000
1.1499309539794921875000000000000000000000
0.5677413940429687500000000000000000000000
0.2350616455078125000000000000000000000000
0.0798110961914062500000000000000000000000
0.0215921401977539062500000000000000000000
0.0044689178466796875000000000000000000000
0.0006637573242187500000000000000000000000
0.0000629425048828125000000000000000000000
0.0000028610229492187500000000000000000000
0.0000000000000000000000000000000000000000
0.0000000000000000000000000000000000000000
0.0000000000000000000000000000000000000000
0.0000000000000000000000000000000000000000
0.0000000000000000000000000000000000000000
0.0000000000000000000000000000000000000000
0.0000000000000000000000000000000000000000
0.0000000000000000000000000000000000000000
0.0000000000000000000000000000000000000000
0.0000000000000000000000000000000000000000
0.0000038146972656250000000000000000000000
0.0000839233398437500000000000000000000000
0.0008850097656250000000000000000000000000
0.0059585571289062500000000000000000000000
0.0287895202636718750000000000000000000000
0.1064147949218750000000000000000000000000
0.3134155273437500000000000000000000000000
0.7569885253906250000000000000000000000000
1.5332412719726562500000000000000000000000
2.6544952392578125000000000000000000000000
4.0000000000000000000000000000000000000000
3.0000000000000000000000000000000000000000
1.9908714294433593750000000000000000000000
1.1499309539794921875000000000000000000000
0.5677413940429687500000000000000000000000
0.2350616455078125000000000000000000000000
0.0798110961914062500000000000000000000000
0.0215921401977539062500000000000000000000
0.0044689178466796875000000000000000000000
0.0006637573242187500000000000000000000000
0.0000629425048828125000000000000000000000
0.0000028610229492187500000000000000000000
0.0000000000000000000000000000000000000000
0.0000000000000000000000000000000000000000
0.0000000000000000000000000000000000000000
0.0000000000000000000000000000000000000000
0.0000000000000000000000000000000000000000
0.0000000000000000000000000000000000000000
0.0000000000000000000000000000000000000000
0.0000000000000000000000000000000000000000
0.0000000000000000000000000000000000000000
0.0000000000000000000000000000000000000000
0.0000038146972656250000000000000000000000
0.0000839233398437500000000000000000000000
0.0008850097656250000000000000000000000000
0.0059585571289062500000000000000000000000
0.0287895202636718750000000000000000000000
0.1064147949218750000000000000000000000000
0.3134155273437500000000000000000000000000
0.7569885253906250000000000000000000000000
1.5332412719726562500000000000000000000000
2.6544952392578125000000000000000000000000
4.0000000000000000000000000000000000000000
3.0000000000000000000000000000000000000000
1.9908714294433593750000000000000000000000
1.1499309539794921875000000000000000000000
0.5677413940429687500000000000000000000000
0.2350616455078125000000000000000000000000
0.0798110961914062500000000000000000000000
0.0215921401977539062500000000000000000000
0.0044689178466796875000000000000000000000
0.0006637573242187500000000000000000000000
0.0000629425048828125000000000000000000000
0.0000028610229492187500000000000000000000
0.0000000000000000000000000000000000000000
0.0000000000000000000000000000000000000000
0.0000000000000000000000000000000000000000
0.0000000000000000000000000000000000000000
0.0000000000000000000000000000000000000000
0.0000000000000000000000000000000000000000
0.0000000000000000000000000000000000000000
0.0000000000000000000000000000000000000000
0.0000000000000000000000000000000000000000
0.0000000000000000000000000000000000000000
0.0000038146972656250000000000000000000000
0.0000839233398437500000000000000000000000
0.0008850097656250000000000000000000000000
0.0059585571289062500000000000000000000000
0.0287895202636718750000000000000000000000
0.1064147949218750000000000000000000000000
0.3134155273437500000000000000000000000000
0.7569885253906250000000000000000000000000
1.5332412719726562500000000000000000000000
2.6544952392578125000000000000000000000000
4.0000000000000000000000000000000000000000
3.0000000000000000000000000000000000000000
1.9908733367919921875000000000000000000000
1.1499328613281250000000000000000000000000
0.5677433013916015625000000000000000000000
0.2350635528564453125000000000000000000000
0.0798130035400390625000000000000000000000
0.0215940475463867187500000000000000000000
0.0044708251953125000000000000000000000000
0.0006656646728515625000000000000000000000
0.0000648498535156250000000000000000000000
0.0000047683715820312500000000000000000000
0.0000019073486328125000000000000000000000
0.0000019073486328125000000000000000000000
0.0000019073486328125000000000000000000000
0.0000019073486328125000000000000000000000
0.0000019073486328125000000000000000000000
0.0000019073486328125000000000000000000000
0.0000019073486328125000000000000000000000
0.0000019073486328125000000000000000000000
0.0000019073486328125000000000000000000000
0.0000019073486328125000000000000000000000
0.0000057220458984375000000000000000000000
0.0000858306884765625000000000000000000000
0.0008869171142578125000000000000000000000
0.0059604644775390625000000000000000000000
0.0287914276123046875000000000000000000000
0.1064167022705078125000000000000000000000
0.3134174346923828125000000000000000000000
0.7569904327392578125000000000000000000000
1.5332431793212890625000000000000000000000
2.6544971466064453125000000000000000000000
4.0000000000000000000000000000000000000000
3.0000000000000000000000000000000000000000
1.9908933639526367187500000000000000000000
1.1499729156494140625000000000000000000000
0.5677833557128906250000000000000000000000
0.2351036071777343750000000000000000000000
0.0798530578613281250000000000000000000000
0.0216341018676757812500000000000000000000
0.0045108795166015625000000000000000000000
0.0007057189941406250000000000000000000000
0.0001049041748046875000000000000000000000
0.0000448226928710937500000000000000000000
0.0000419616699218750000000000000000000000
0.0000419616699218750000000000000000000000
0.0000419616699218750000000000000000000000
0.0000419616699218750000000000000000000000
0.0000419616699218750000000000000000000000
0.0000419616699218750000000000000000000000
0.0000419616699218750000000000000000000000
0.0000419616699218750000000000000000000000
0.0000419616699218750000000000000000000000
0.0000419616699218750000000000000000000000
0.0000457763671875000000000000000000000000
0.0001258850097656250000000000000000000000
0.0009269714355468750000000000000000000000
0.0060005187988281250000000000000000000000
0.0288314819335937500000000000000000000000
0.1064567565917968750000000000000000000000
0.3134574890136718750000000000000000000000
0.7570304870605468750000000000000000000000
1.5332832336425781250000000000000000000000
2.6545162200927734375000000000000000000000
4.0000000000000000000000000000000000000000
3.0000000000000000000000000000000000000000
1.9910984039306640625000000000000000000000
1.1502790451049804687500000000000000000000
0.5681838989257812500000000000000000000000
0.2355041503906250000000000000000000000000
0.0802536010742187500000000000000000000000
0.0220346450805664062500000000000000000000
0.0049114227294921875000000000000000000000
0.0011062622070312500000000000000000000000
0.0005054473876953125000000000000000000000
0.0004453659057617187500000000000000000000
0.0004425048828125000000000000000000000000
0.0004425048828125000000000000000000000000
0.0004425048828125000000000000000000000000
0.0004425048828125000000000000000000000000
0.0004425048828125000000000000000000000000
0.0004425048828125000000000000000000000000
0.0004425048828125000000000000000000000000
0.0004425048828125000000000000000000000000
0.0004425048828125000000000000000000000000
0.0004425048828125000000000000000000000000
0.0004463195800781250000000000000000000000
0.0005264282226562500000000000000000000000
0.0013275146484375000000000000000000000000
0.0064010620117187500000000000000000000000
0.0292320251464843750000000000000000000000
0.1068572998046875000000000000000000000000
0.3138580322265625000000000000000000000000
0.7574310302734375000000000000000000000000
1.5335807800292968750000000000000000000000
2.6547164916992187500000000000000000000000
4.0000000000000000000000000000000000000000
3.0000000000000000000000000000000000000000
1.9920854568481445312500000000000000000000
1.1522331237792968750000000000000000000000
0.5704574584960937500000000000000000000000
0.2380409240722656250000000000000000000000
0.0827903747558593750000000000000000000000
0.0245714187622070312500000000000000000000
0.0074481964111328125000000000000000000000
0.0036430358886718750000000000000000000000
0.0030422210693359375000000000000000000000
0.0029821395874023437500000000000000000000
0.0029792785644531250000000000000000000000
0.0029792785644531250000000000000000000000
0.0029792785644531250000000000000000000000
0.0029792785644531250000000000000000000000
0.0029792785644531250000000000000000000000
0.0029792785644531250000000000000000000000
0.0029792785644531250000000000000000000000
0.0029792785644531250000000000000000000000
0.0029792785644531250000000000000000000000
0.0029792785644531250000000000000000000000
0.0029830932617187500000000000000000000000
0.0030632019042968750000000000000000000000
0.0038642883300781250000000000000000000000
0.0089378356933593750000000000000000000000
0.0317687988281250000000000000000000000000
0.1093940734863281250000000000000000000000
0.3163948059082031250000000000000000000000
0.7596702575683593750000000000000000000000
1.5354957580566406250000000000000000000000
2.6556415557861328125000000000000000000000
4.0000000000000000000000000000000000000000
3.0000000000000000000000000000000000000000
1.9965496063232421875000000000000000000000
1.1597347259521484375000000000000000000000
0.5807018280029296875000000000000000000000
0.2489757537841796875000000000000000000000
0.0942058563232421875000000000000000000000
0.0359869003295898437500000000000000000000
0.0188636779785156250000000000000000000000
0.0150585174560546875000000000000000000000
0.0144577026367187500000000000000000000000
0.0143976211547851562500000000000000000000
0.0143947601318359375000000000000000000000
0.0143947601318359375000000000000000000000
0.0143947601318359375000000000000000000000
0.0143947601318359375000000000000000000000
0.0143947601318359375000000000000000000000
0.0143947601318359375000000000000000000000
0.0143947601318359375000000000000000000000
0.0143947601318359375000000000000000000000
0.0143947601318359375000000000000000000000
0.0143947601318359375000000000000000000000
0.0143985748291015625000000000000000000000
0.0144786834716796875000000000000000000000
0.0152797698974609375000000000000000000000
0.0203533172607421875000000000000000000000
0.0431842803955078125000000000000000000000
0.1208095550537109375000000000000000000000
0.3272495269775390625000000000000000000000
0.7697734832763671875000000000000000000000
1.5426311492919921875000000000000000000000
2.6598491668701171875000000000000000000000
4.0000000000000000000000000000000000000000
3.0000000000000000000000000000000000000000
2.0093269348144531250000000000000000000000
1.1851425170898437500000000000000000000000
0.6127185821533203125000000000000000000000
0.2861328125000000000000000000000000000000
0.1324176788330078125000000000000000000000
0.0747995376586914062500000000000000000000
0.0576763153076171875000000000000000000000
0.0538711547851562500000000000000000000000
0.0532703399658203125000000000000000000000
0.0532102584838867187500000000000000000000
0.0532073974609375000000000000000000000000
0.0532073974609375000000000000000000000000
0.0532073974609375000000000000000000000000
0.0532073974609375000000000000000000000000
0.0532073974609375000000000000000000000000
0.0532073974609375000000000000000000000000
0.0532073974609375000000000000000000000000
0.0532073974609375000000000000000000000000
0.0532073974609375000000000000000000000000
0.0532073974609375000000000000000000000000
0.0532112121582031250000000000000000000000
0.0532913208007812500000000000000000000000
0.0540924072265625000000000000000000000000
0.0591659545898437500000000000000000000000
0.0819969177246093750000000000000000000000
0.1589012145996093750000000000000000000000
0.3641128540039062500000000000000000000000
0.8007621765136718750000000000000000000000
1.5666961669921875000000000000000000000000
2.6712417602539062500000000000000000000000
4.0000000000000000000000000000000000000000
3.0000000000000000000000000000000000000000
2.0423660278320312500000000000000000000000
1.2454929351806640625000000000000000000000
0.6975593566894531250000000000000000000000
0.3813552856445312500000000000000000000000
0.2342491149902343750000000000000000000000
0.1777791976928710937500000000000000000000
0.1611766815185546875000000000000000000000
0.1573715209960937500000000000000000000000
0.1567707061767578125000000000000000000000
0.1567106246948242187500000000000000000000
0.1567077636718750000000000000000000000000
0.1567077636718750000000000000000000000000
0.1567077636718750000000000000000000000000
0.1567077636718750000000000000000000000000
0.1567077636718750000000000000000000000000
0.1567077636718750000000000000000000000000
0.1567077636718750000000000000000000000000
0.1567077636718750000000000000000000000000
0.1567077636718750000000000000000000000000
0.1567077636718750000000000000000000000000
0.1567115783691406250000000000000000000000
0.1567916870117187500000000000000000000000
0.1575927734375000000000000000000000000000
0.1626663208007812500000000000000000000000
0.1848564147949218750000000000000000000000
0.2603454589843750000000000000000000000000
0.4576263427734375000000000000000000000000
0.8823242187500000000000000000000000000000
1.6213073730468750000000000000000000000000
2.6995544433593750000000000000000000000000
4.0000000000000000000000000000000000000000
3.0000000000000000000000000000000000000000
2.1013946533203125000000000000000000000000
1.3703575134277343750000000000000000000000
0.8675861358642578125000000000000000000000
0.5844268798828125000000000000000000000000
0.4489688873291015625000000000000000000000
0.3983736038208007812500000000000000000000
0.3826541900634765625000000000000000000000
0.3791580200195312500000000000000000000000
0.3785572052001953125000000000000000000000
0.3784971237182617187500000000000000000000
0.3784942626953125000000000000000000000000
0.3784942626953125000000000000000000000000
0.3784942626953125000000000000000000000000
0.3784942626953125000000000000000000000000
0.3784942626953125000000000000000000000000
0.3784942626953125000000000000000000000000
0.3784942626953125000000000000000000000000
0.3784942626953125000000000000000000000000
0.3784942626953125000000000000000000000000
0.3784942626953125000000000000000000000000
0.3784980773925781250000000000000000000000
0.3785781860351562500000000000000000000000
0.3793792724609375000000000000000000000000
0.3840637207031250000000000000000000000000
0.4051170349121093750000000000000000000000
0.4732627868652343750000000000000000000000
0.6560592651367187500000000000000000000000
1.0411033630371093750000000000000000000000
1.7294158935546875000000000000000000000000
2.7420806884765625000000000000000000000000
4.0000000000000000000000000000000000000000
3.0000000000000000000000000000000000000000
2.1843261718750000000000000000000000000000
1.5615272521972656250000000000000000000000
1.1578903198242187500000000000000000000000
0.9287033081054687500000000000000000000000
0.8238296508789062500000000000000000000000
0.7823610305786132812500000000000000000000
0.7701930999755859375000000000000000000000
0.7671642303466796875000000000000000000000
0.7666835784912109375000000000000000000000
0.7666234970092773437500000000000000000000
0.7666206359863281250000000000000000000000
0.7666206359863281250000000000000000000000
0.7666206359863281250000000000000000000000
0.7666206359863281250000000000000000000000
0.7666206359863281250000000000000000000000
0.7666206359863281250000000000000000000000
0.7666206359863281250000000000000000000000
0.7666206359863281250000000000000000000000
0.7666206359863281250000000000000000000000
0.7666206359863281250000000000000000000000
0.7666244506835937500000000000000000000000
0.7667045593261718750000000000000000000000
0.7673511505126953125000000000000000000000
0.7714157104492187500000000000000000000000
0.7878837585449218750000000000000000000000
0.8440704345703125000000000000000000000000
0.9877281188964843750000000000000000000000
1.3044815063476562500000000000000000000000
1.8738327026367187500000000000000000000000
2.7757644653320312500000000000000000000000
4.0000000000000000000000000000000000000000
3.0000000000000000000000000000000000000000
2.2224235534667968750000000000000000000000
1.7978935241699218750000000000000000000000
1.5503768920898437500000000000000000000000
1.4205780029296875000000000000000000000000
1.3592033386230468750000000000000000000000
1.3365755081176757812500000000000000000000
1.3292379379272460937500000000000000000000
1.3276023864746093750000000000000000000000
1.3272829055786132812500000000000000000000
1.3272504806518554687500000000000000000000
1.3272476196289062500000000000000000000000
1.3272476196289062500000000000000000000000
1.3272476196289062500000000000000000000000
1.3272476196289062500000000000000000000000
1.3272476196289062500000000000000000000000
1.3272476196289062500000000000000000000000
1.3272476196289062500000000000000000000000
1.3272476196289062500000000000000000000000
1.3272476196289062500000000000000000000000
1.3272476196289062500000000000000000000000
1.3272514343261718750000000000000000000000
1.3272953033447265625000000000000000000000
1.3277244567871093750000000000000000000000
1.3299465179443359375000000000000000000000
1.3399009704589843750000000000000000000000
1.3709945678710937500000000000000000000000
1.4559783935546875000000000000000000000000
1.6400451660156250000000000000000000000000
2.0028991699218750000000000000000000000000
2.6669082641601562500000000000000000000000
4.0000000000000000000000000000000000000000
2.0000000000000000000000000000000000000000
2.0000000000000000000000000000000000000000
2.0000000000000000000000000000000000000000
2.0000000000000000000000000000000000000000
2.0000000000000000000000000000000000000000
2.0000000000000000000000000000000000000000
2.0000000000000000000000000000000000000000
2.0000000000000000000000000000000000000000
2.0000000000000000000000000000000000000000
2.0000000000000000000000000000000000000000
2.0000000000000000000000000000000000000000
2.0000000000000000000000000000000000000000
2.0000000000000000000000000000000000000000
2.0000000000000000000000000000000000000000
2.0000000000000000000000000000000000000000
2.0000000000000000000000000000000000000000
2.0000000000000000000000000000000000000000
2.0000000000000000000000000000000000000000
2.0000000000000000000000000000000000000000
2.0000000000000000000000000000000000000000
2.0000000000000000000000000000000000000000
2.0000000000000000000000000000000000000000
2.0000000000000000000000000000000000000000
2.0000000000000000000000000000000000000000
2.0000000000000000000000000000000000000000
2.0000000000000000000000000000000000000000
2.0000000000000000000000000000000000000000
2.0000000000000000000000000000000000000000
2.0000000000000000000000000000000000000000
2.0000000000000000000000000000000000000000
2.0000000000000000000000000000000000000000
2.0000000000000000000000000000000000000000
