1.0000000000000000000000000000000000000000
1.0000000000000000000000000000000000000000
1.0000000000000000000000000000000000000000
1.0000000000000000000000000000000000000000
1.0000000000000000000000000000000000000000
1.0000000000000000000000000000000000000000
1.0000000000000000000000000000000000000000
1.0000000000000000000000000000000000000000
1.0000000000000000000000000000000000000000
1.0000000000000000000000000000000000000000
1.0000000000000000000000000000000000000000
1.0000000000000000000000000000000000000000
1.0000000000000000000000000000000000000000
1.0000000000000000000000000000000000000000
1.0000000000000000000000000000000000000000
1.0000000000000000000000000000000000000000
1.0000000000000000000000000000000000000000
1.0000000000000000000000000000000000000000
1.0000000000000000000000000000000000000000
1.0000000000000000000000000000000000000000
3.0000000000000000000000000000000000000000
3.0000000000000000000000000000000000000000
1.9230768680572509765625000000000000000000
1.5917159318923950195312500000000000000000
1.3240782022476196289062500000000000000000
1.1907495260238647460937500000000000000000
1.1085503101348876953125000000000000000000
1.0627461671829223632812500000000000000000
1.0360064506530761718750000000000000000000
1.0207321643829345703125000000000000000000
3.0000000000000000000000000000000000000000
3.0000000000000000000000000000000000000000
2.3609466552734375000000000000000000000000
1.9795174598693847656250000000000000000000
1.6559994220733642578125000000000000000000
1.4361622333526611328125000000000000000000
1.2831999063491821289062500000000000000000
1.1818968057632446289062500000000000000000
1.1154429912567138671875000000000000000000
1.0726538896560668945312500000000000000000
3.0000000000000000000000000000000000000000
3.0000000000000000000000000000000000000000
2.6376876831054687500000000000000000000000
2.3087077140808105468750000000000000000000
1.9816828966140747070312500000000000000000
1.7174072265625000000000000000000000000000
1.5091582536697387695312500000000000000000
1.3544405698776245117187500000000000000000
1.2424430847167968750000000000000000000000
1.1635520458221435546875000000000000000000
3.0000000000000000000000000000000000000000
3.0000000000000000000000000000000000000000
2.7902033329010009765625000000000000000000
2.5378744602203369140625000000000000000000
2.2522571086883544921875000000000000000000
1.9852626323699951171875000000000000000000
1.7512313127517700195312500000000000000000
1.5589357614517211914062500000000000000000
1.4071772098541259765625000000000000000000
1.2896708250045776367187500000000000000000
3.0000000000000000000000000000000000000000
3.0000000000000000000000000000000000000000
2.8797068595886230468750000000000000000000
2.6983032226562500000000000000000000000000
2.4663767814636230468750000000000000000000
2.2223258018493652343750000000000000000000
1.9869662523269653320312500000000000000000
1.7760287523269653320312500000000000000000
1.5931265354156494140625000000000000000000
1.4293701648712158203125000000000000000000
3.0000000000000000000000000000000000000000
3.0000000000000000000000000000000000000000
2.9307103157043457031250000000000000000000
2.8055009841918945312500000000000000000000
2.6270575523376464843750000000000000000000
2.4188797473907470703125000000000000000000
2.2001760005950927734375000000000000000000
1.9845765829086303710937500000000000000000
1.7677178382873535156250000000000000000000
1.5350073575973510742187500000000000000000
3.0000000000000000000000000000000000000000
3.0000000000000000000000000000000000000000
2.9601733684539794921875000000000000000000
2.8761548995971679687500000000000000000000
2.7439577579498291015625000000000000000000
2.5750284194946289062500000000000000000000
2.3801238536834716796875000000000000000000
2.1566674709320068359375000000000000000000
1.8844977617263793945312500000000000000000
1.5594550371170043945312500000000000000000
3.0000000000000000000000000000000000000000
3.0000000000000000000000000000000000000000
2.9770855903625488281250000000000000000000
2.9218568801879882812500000000000000000000
2.8267462253570556640625000000000000000000
2.6930544376373291015625000000000000000000
2.5137710571289062500000000000000000000000
2.2616896629333496093750000000000000000000
1.9138312339782714843750000000000000000000
1.4991283416748046875000000000000000000000
