1.0000000000000000000000000000000000000000
1.0000000000000000000000000000000000000000
1.0000000000000000000000000000000000000000
1.0000000000000000000000000000000000000000
1.0000000000000000000000000000000000000000
1.0000000000000000000000000000000000000000
1.0000000000000000000000000000000000000000
1.0000000000000000000000000000000000000000
1.0000000000000000000000000000000000000000
1.0000000000000000000000000000000000000000
1.0000000000000000000000000000000000000000
1.0000000000000000000000000000000000000000
1.0000000000000000000000000000000000000000
1.0000000000000000000000000000000000000000
1.0000000000000000000000000000000000000000
1.0000000000000000000000000000000000000000
1.0000000000000000000000000000000000000000
1.0000000000000000000000000000000000000000
1.0000000000000000000000000000000000000000
1.0000000000000000000000000000000000000000
1.0000000000000000000000000000000000000000
1.0000000000000000000000000000000000000000
1.0000000000000000000000000000000000000000
1.0000000000000000000000000000000000000000
1.0000000000000000000000000000000000000000
1.0000000000000000000000000000000000000000
1.0000000000000000000000000000000000000000
1.0000000000000000000000000000000000000000
1.0000000000000000000000000000000000000000
1.0000000000000000000000000000000000000000
1.0000000000000000000000000000000000000000
1.0000000000000000000000000000000000000000
1.0000000000000000000000000000000000000000
1.0000000000000000000000000000000000000000
1.0000000000000000000000000000000000000000
1.0000000000000000000000000000000000000000
1.0000000000000000000000000000000000000000
1.0000000000000000000000000000000000000000
1.0000000000000000000000000000000000000000
1.0000000000000000000000000000000000000000
1.0000000000000000000000000000000000000000
1.0000000000000000000000000000000000000000
1.0000000000000000000000000000000000000000
1.0000000000000000000000000000000000000000
1.0000000000000000000000000000000000000000
1.0000000000000000000000000000000000000000
1.0000000000000000000000000000000000000000
1.0000000000000000000000000000000000000000
1.0000000000000000000000000000000000000000
1.0000000000000000000000000000000000000000
1.0000000000000000000000000000000000000000
1.0000000000000000000000000000000000000000
1.0000000000000000000000000000000000000000
1.0000000000000000000000000000000000000000
1.0000000000000000000000000000000000000000
1.0000000000000000000000000000000000000000
1.0000000000000000000000000000000000000000
1.0000000000000000000000000000000000000000
1.0000000000000000000000000000000000000000
1.0000000000000000000000000000000000000000
1.0000000000000000000000000000000000000000
1.0000000000000000000000000000000000000000
1.0000000000000000000000000000000000000000
1.0000000000000000000000000000000000000000
3.0000000000000000000000000000000000000000
3.0000000000000000000000000000000000000000
1.9230768680572509765625000000000000000000
1.5917159318923950195312500000000000000000
1.3240782022476196289062500000000000000000
1.1907495260238647460937500000000000000000
1.1085503101348876953125000000000000000000
1.0627461671829223632812500000000000000000
1.0360064506530761718750000000000000000000
1.0207321643829345703125000000000000000000
1.0119185447692871093750000000000000000000
1.0068567991256713867187500000000000000000
1.0039433240890502929687500000000000000000
1.0022683143615722656250000000000000000000
1.0013046264648437500000000000000000000000
1.0007504224777221679687500000000000000000
1.0004316568374633789062500000000000000000
1.0002481937408447265625000000000000000000
1.0001428127288818359375000000000000000000
1.0000821352005004882812500000000000000000
1.0000472068786621093750000000000000000000
1.0000271797180175781250000000000000000000
1.0000156164169311523437500000000000000000
1.0000089406967163085937500000000000000000
1.0000051259994506835937500000000000000000
1.0000029802322387695312500000000000000000
1.0000017881393432617187500000000000000000
1.0000010728836059570312500000000000000000
1.0000005960464477539062500000000000000000
1.0000002384185791015625000000000000000000
1.0000001192092895507812500000000000000000
1.0000000000000000000000000000000000000000
3.0000000000000000000000000000000000000000
3.0000000000000000000000000000000000000000
2.3609466552734375000000000000000000000000
1.9795174598693847656250000000000000000000
1.6559994220733642578125000000000000000000
1.4361622333526611328125000000000000000000
1.2831999063491821289062500000000000000000
1.1818968057632446289062500000000000000000
1.1154429912567138671875000000000000000000
1.0726538896560668945312500000000000000000
1.0453774929046630859375000000000000000000
1.0281664133071899414062500000000000000000
1.0173885822296142578125000000000000000000
1.0106848478317260742187500000000000000000
1.0065386295318603515625000000000000000000
1.0039869546890258789062500000000000000000
1.0024231672286987304687500000000000000000
1.0014685392379760742187500000000000000000
1.0008876323699951171875000000000000000000
1.0005352497100830078125000000000000000000
1.0003221035003662109375000000000000000000
1.0001934766769409179687500000000000000000
1.0001161098480224609375000000000000000000
1.0000694990158081054687500000000000000000
1.0000414848327636718750000000000000000000
1.0000247955322265625000000000000000000000
1.0000147819519042968750000000000000000000
1.0000088214874267578125000000000000000000
1.0000052452087402343750000000000000000000
1.0000030994415283203125000000000000000000
1.0000017881393432617187500000000000000000
1.0000010728836059570312500000000000000000
3.0000000000000000000000000000000000000000
3.0000000000000000000000000000000000000000
2.6376876831054687500000000000000000000000
2.3087077140808105468750000000000000000000
1.9816828966140747070312500000000000000000
1.7174072265625000000000000000000000000000
1.5091582536697387695312500000000000000000
1.3544405698776245117187500000000000000000
1.2424430847167968750000000000000000000000
1.1635520458221435546875000000000000000000
1.1090073585510253906250000000000000000000
1.0719146728515625000000000000000000000000
1.0470216274261474609375000000000000000000
1.0305062532424926757812500000000000000000
1.0196551084518432617187500000000000000000
1.0125861167907714843750000000000000000000
1.0080151557922363281250000000000000000000
1.0050790309906005859375000000000000000000
1.0032039880752563476562500000000000000000
1.0020128488540649414062500000000000000000
1.0012596845626831054687500000000000000000
1.0007857084274291992187500000000000000000
1.0004885196685791015625000000000000000000
1.0003029108047485351562500000000000000000
1.0001871585845947265625000000000000000000
1.0001155138015747070312500000000000000000
1.0000710487365722656250000000000000000000
1.0000436305999755859375000000000000000000
1.0000268220901489257812500000000000000000
1.0000163316726684570312500000000000000000
1.0000100135803222656250000000000000000000
1.0000060796737670898437500000000000000000
3.0000000000000000000000000000000000000000
3.0000000000000000000000000000000000000000
2.7902033329010009765625000000000000000000
2.5378744602203369140625000000000000000000
2.2522571086883544921875000000000000000000
1.9852626323699951171875000000000000000000
1.7512313127517700195312500000000000000000
1.5589357614517211914062500000000000000000
1.4071772098541259765625000000000000000000
1.2914261817932128906250000000000000000000
1.2054150104522705078125000000000000000000
1.1428854465484619140625000000000000000000
1.0982422828674316406250000000000000000000
1.0668581724166870117187500000000000000000
1.0450861454010009765625000000000000000000
1.0301564931869506835937500000000000000000
1.0200225114822387695312500000000000000000
1.0132054090499877929687500000000000000000
1.0086567401885986328125000000000000000000
1.0056433677673339843750000000000000000000
1.0036602020263671875000000000000000000000
1.0023628473281860351562500000000000000000
1.0015187263488769531250000000000000000000
1.0009722709655761718750000000000000000000
1.0006200075149536132812500000000000000000
1.0003941059112548828125000000000000000000
1.0002496242523193359375000000000000000000
1.0001575946807861328125000000000000000000
1.0000993013381958007812500000000000000000
1.0000623464584350585937500000000000000000
1.0000389814376831054687500000000000000000
1.0000243186950683593750000000000000000000
3.0000000000000000000000000000000000000000
3.0000000000000000000000000000000000000000
2.8797068595886230468750000000000000000000
2.6983032226562500000000000000000000000000
2.4663767814636230468750000000000000000000
2.2223258018493652343750000000000000000000
1.9869662523269653320312500000000000000000
1.7760287523269653320312500000000000000000
1.5961983203887939453125000000000000000000
1.4489874839782714843750000000000000000000
1.3322651386260986328125000000000000000000
1.2421400547027587890625000000000000000000
1.1740759611129760742187500000000000000000
1.1236362457275390625000000000000000000000
1.0868623256683349609375000000000000000000
1.0604312419891357421875000000000000000000
1.0416712760925292968750000000000000000000
1.0285038948059082031250000000000000000000
1.0193537473678588867187500000000000000000
1.0130522251129150390625000000000000000000
1.0087476968765258789062500000000000000000
1.0058289766311645507812500000000000000000
1.0038635730743408203125000000000000000000
1.0025480985641479492187500000000000000000
1.0016727447509765625000000000000000000000
1.0010933876037597656250000000000000000000
1.0007117986679077148437500000000000000000
1.0004615783691406250000000000000000000000
1.0002983808517456054687500000000000000000
1.0001921653747558593750000000000000000000
1.0001233816146850585937500000000000000000
1.0000789165496826171875000000000000000000
3.0000000000000000000000000000000000000000
3.0000000000000000000000000000000000000000
2.9307103157043457031250000000000000000000
2.8055009841918945312500000000000000000000
2.6270575523376464843750000000000000000000
2.4188797473907470703125000000000000000000
2.2001760005950927734375000000000000000000
1.9882627725601196289062500000000000000000
1.7945060729980468750000000000000000000000
1.6253501176834106445312500000000000000000
1.4830224514007568359375000000000000000000
1.3668758869171142578125000000000000000000
1.2744982242584228515625000000000000000000
1.2026216983795166015625000000000000000000
1.1477493047714233398437500000000000000000
1.1065493822097778320312500000000000000000
1.0760658979415893554687500000000000000000
1.0538045167922973632812500000000000000000
1.0377370119094848632812500000000000000000
1.0262620449066162109375000000000000000000
1.0181450843811035156250000000000000000000
1.0124533176422119140625000000000000000000
1.0084941387176513671875000000000000000000
1.0057603120803833007812500000000000000000
1.0038852691650390625000000000000000000000
1.0026074647903442382812500000000000000000
1.0017415285110473632812500000000000000000
1.0011579990386962890625000000000000000000
1.0007668733596801757812500000000000000000
1.0005056858062744140625000000000000000000
1.0003323554992675781250000000000000000000
1.0002175569534301757812500000000000000000
3.0000000000000000000000000000000000000000
3.0000000000000000000000000000000000000000
2.9601733684539794921875000000000000000000
2.8761548995971679687500000000000000000000
2.7439577579498291015625000000000000000000
2.5750284194946289062500000000000000000000
2.3831956386566162109375000000000000000000
2.1837017536163330078125000000000000000000
1.9892216920852661132812500000000000000000
1.8090901374816894531250000000000000000000
1.6489825248718261718750000000000000000000
1.5114550590515136718750000000000000000000
1.3966774940490722656250000000000000000000
1.3032213449478149414062500000000000000000
1.2287371158599853515625000000000000000000
1.1704770326614379882812500000000000000000
1.1256567239761352539062500000000000000000
1.0916825532913208007812500000000000000000
1.0662695169448852539062500000000000000000
1.0474871397018432617187500000000000000000
1.0337557792663574218750000000000000000000
1.0238164663314819335937500000000000000000
1.0166872739791870117187500000000000000000
1.0116164684295654296875000000000000000000
1.0080374479293823242187500000000000000000
1.0055295228958129882812500000000000000000
1.0037839412689208984375000000000000000000
1.0025762319564819335937500000000000000000
1.0017458200454711914062500000000000000000
1.0011776685714721679687500000000000000000
1.0007910728454589843750000000000000000000
1.0005291700363159179687500000000000000000
3.0000000000000000000000000000000000000000
3.0000000000000000000000000000000000000000
2.9770855903625488281250000000000000000000
2.9218568801879882812500000000000000000000
2.8267462253570556640625000000000000000000
2.6948101520538330078125000000000000000000
2.5339150428771972656250000000000000000000
2.3553698062896728515625000000000000000000
2.1706852912902832031250000000000000000000
1.9899817705154418945312500000000000000000
1.8209509849548339843750000000000000000000
1.6686401367187500000000000000000000000000
1.5356633663177490234375000000000000000000
1.4226722717285156250000000000000000000000
1.3288987874984741210937500000000000000000
1.2526679039001464843750000000000000000000
1.1918234825134277343750000000000000000000
1.1440480947494506835937500000000000000000
1.1070826053619384765625000000000000000000
1.0788590908050537109375000000000000000000
1.0575693845748901367187500000000000000000
1.0416864156723022460937500000000000000000
1.0299568176269531250000000000000000000000
1.0213749408721923828125000000000000000000
1.0151499509811401367187500000000000000000
1.0106707811355590820312500000000000000000
1.0074716806411743164062500000000000000000
1.0052025318145751953125000000000000000000
1.0036035776138305664062500000000000000000
1.0024836063385009765625000000000000000000
1.0017037391662597656250000000000000000000
1.0011634826660156250000000000000000000000
3.0000000000000000000000000000000000000000
3.0000000000000000000000000000000000000000
2.9868223667144775390625000000000000000000
2.9510855674743652343750000000000000000000
2.8842110633850097656250000000000000000000
2.7842354774475097656250000000000000000000
2.6540174484252929687500000000000000000000
2.5005645751953125000000000000000000000000
2.3328344821929931640625000000000000000000
2.1600968837738037109375000000000000000000
1.9906005859375000000000000000000000000000
1.8308475017547607421875000000000000000000
1.6853262186050415039062500000000000000000
1.5565994977951049804687500000000000000000
1.4455993175506591796875000000000000000000
1.3520094156265258789062500000000000000000
1.2746546268463134765625000000000000000000
1.2118475437164306640625000000000000000000
1.1616628170013427734375000000000000000000
1.1221415996551513671875000000000000000000
1.0914261341094970703125000000000000000000
1.0678412914276123046875000000000000000000
1.0499312877655029296875000000000000000000
1.0364689826965332031250000000000000000000
1.0264452695846557617187500000000000000000
1.0190470218658447265625000000000000000000
1.0136311054229736328125000000000000000000
1.0096963644027709960937500000000000000000
1.0068582296371459960937500000000000000000
1.0048245191574096679687500000000000000000
1.0033766031265258789062500000000000000000
1.0023516416549682617187500000000000000000
3.0000000000000000000000000000000000000000
3.0000000000000000000000000000000000000000
2.9924199581146240234375000000000000000000
2.9695813655853271484375000000000000000000
2.9234299659729003906250000000000000000000
2.8495118618011474609375000000000000000000
2.7471570968627929687500000000000000000000
2.6195898056030273437500000000000000000000
2.4727652072906494140625000000000000000000
2.3141098022460937500000000000000000000000
2.1512594223022460937500000000000000000000
1.9911175966262817382812500000000000000000
1.8392666578292846679687500000000000000000
1.6997208595275878906250000000000000000000
1.5749392509460449218750000000000000000000
1.4660130739212036132812500000000000000000
1.3729388713836669921875000000000000000000
1.2949172258377075195312500000000000000000
1.2306315898895263671875000000000000000000
1.1784851551055908203125000000000000000000
1.1367837190628051757812500000000000000000
1.1038668155670166015625000000000000000000
1.0781934261322021484375000000000000000000
1.0583895444869995117187500000000000000000
1.0432689189910888671875000000000000000000
1.0318330526351928710937500000000000000000
1.0232603549957275390625000000000000000000
1.0168868303298950195312500000000000000000
1.0121848583221435546875000000000000000000
1.0087412595748901367187500000000000000000
1.0062364339828491210937500000000000000000
1.0044261217117309570312500000000000000000
3.0000000000000000000000000000000000000000
3.0000000000000000000000000000000000000000
2.9956402778625488281250000000000000000000
2.9811906814575195312500000000000000000000
2.9498281478881835937500000000000000000000
2.8962800502777099609375000000000000000000
2.8177654743194580078125000000000000000000
2.7146360874176025390625000000000000000000
2.5900304317474365234375000000000000000000
2.4491376876831054687500000000000000000000
2.2982277870178222656250000000000000000000
2.1437394618988037109375000000000000000000
1.9915578365325927734375000000000000000000
1.8465429544448852539062500000000000000000
1.7123049497604370117187500000000000000000
1.5911781787872314453125000000000000000000
1.4843386411666870117187500000000000000000
1.3920010328292846679687500000000000000000
1.3136501312255859375000000000000000000000
1.2482661008834838867187500000000000000000
1.1945259571075439453125000000000000000000
1.1509668827056884765625000000000000000000
1.1161094903945922851562500000000000000000
1.0885430574417114257812500000000000000000
1.0669804811477661132812500000000000000000
1.0502848625183105468750000000000000000000
1.0374797582626342773437500000000000000000
1.0277453660964965820312500000000000000000
1.0204064846038818359375000000000000000000
1.0149165391921997070312500000000000000000
1.0108399391174316406250000000000000000000
1.0078336000442504882812500000000000000000
3.0000000000000000000000000000000000000000
3.0000000000000000000000000000000000000000
2.9974923133850097656250000000000000000000
2.9884257316589355468750000000000000000000
2.9673883914947509765625000000000000000000
2.9292597770690917968750000000000000000000
2.8702669143676757812500000000000000000000
2.7888522148132324218750000000000000000000
2.6858637332916259765625000000000000000000
2.5643045902252197265625000000000000000000
2.4287316799163818359375000000000000000000
2.2845349311828613281250000000000000000000
2.1372389793395996093750000000000000000000
1.9919382333755493164062500000000000000000
1.8529131412506103515625000000000000000000
1.7234286069869995117187500000000000000000
1.6056885719299316406250000000000000000000
1.5009068250656127929687500000000000000000
1.4094513654708862304687500000000000000000
1.3310234546661376953125000000000000000000
1.2648410797119140625000000000000000000000
1.2098107337951660156250000000000000000000
1.1646704673767089843750000000000000000000
1.1281049251556396484375000000000000000000
1.0988279581069946289062500000000000000000
1.0756390094757080078125000000000000000000
1.0574567317962646484375000000000000000000
1.0433338880538940429687500000000000000000
1.0324606895446777343750000000000000000000
1.0241589546203613281250000000000000000000
1.0178697109222412109375000000000000000000
1.0131402015686035156250000000000000000000
3.0000000000000000000000000000000000000000
3.0000000000000000000000000000000000000000
2.9985578060150146484375000000000000000000
2.9929082393646240234375000000000000000000
2.9789528846740722656250000000000000000000
2.9522013664245605468750000000000000000000
2.9086592197418212890625000000000000000000
2.8456914424896240234375000000000000000000
2.7624964714050292968750000000000000000000
2.6602096557617187500000000000000000000000
2.5416553020477294921875000000000000000000
2.4108762741088867187500000000000000000000
2.2725710868835449218750000000000000000000
2.1315474510192871093750000000000000000000
1.9922719001770019531250000000000000000000
1.8585511445999145507812500000000000000000
1.7333545684814453125000000000000000000000
1.6187567710876464843750000000000000000000
1.5159806013107299804687500000000000000000
1.4255009889602661132812500000000000000000
1.3471850156784057617187500000000000000000
1.2804430723190307617187500000000000000000
1.2243734598159790039062500000000000000000
1.1778889894485473632812500000000000000000
1.1398215293884277343750000000000000000000
1.1090013980865478515625000000000000000000
1.0843133926391601562500000000000000000000
1.0647337436676025390625000000000000000000
1.0493500232696533203125000000000000000000
1.0373690128326416015625000000000000000000
1.0281149148941040039062500000000000000000
1.0210226774215698242187500000000000000000
3.0000000000000000000000000000000000000000
3.0000000000000000000000000000000000000000
2.9991705417633056640625000000000000000000
2.9956712722778320312500000000000000000000
2.9865019321441650390625000000000000000000
2.9679715633392333984375000000000000000000
2.9363279342651367187500000000000000000000
2.8884911537170410156250000000000000000000
2.8226170539855957031250000000000000000000
2.7384150028228759765625000000000000000000
2.6371684074401855468750000000000000000000
2.5215177536010742187500000000000000000000
2.3950805664062500000000000000000000000000
2.2619996070861816406250000000000000000000
2.1265091896057128906250000000000000000000
1.9925668239593505859375000000000000000000
1.8635870218276977539062500000000000000000
1.7422828674316406250000000000000000000000
1.6306067705154418945312500000000000000000
1.5297710895538330078125000000000000000000
1.4403246641159057617187500000000000000000
1.3622629642486572265625000000000000000000
1.2951521873474121093750000000000000000000
1.2382518053054809570312500000000000000000
1.1906262636184692382812500000000000000000
1.1512395143508911132812500000000000000000
1.1190291643142700195312500000000000000000
1.0929623842239379882812500000000000000000
1.0720740556716918945312500000000000000000
1.0554896593093872070312500000000000000000
1.0424364805221557617187500000000000000000
1.0322469472885131835937500000000000000000
3.0000000000000000000000000000000000000000
3.0000000000000000000000000000000000000000
2.9995229244232177734375000000000000000000
2.9973664283752441406250000000000000000000
2.9913923740386962890625000000000000000000
2.9786992073059082031250000000000000000000
2.9560141563415527343750000000000000000000
2.9202406406402587890625000000000000000000
2.8689956665039062500000000000000000000000
2.8010122776031494140625000000000000000000
2.7163414955139160156250000000000000000000
2.6163370609283447265625000000000000000000
2.5034625530242919921875000000000000000000
2.3809766769409179687500000000000000000000
2.2525701522827148437500000000000000000000
2.1220088005065917968750000000000000000000
1.9928307533264160156250000000000000000000
1.8681210279464721679687500000000000000000
1.7503705024719238281250000000000000000000
1.6414166688919067382812500000000000000000
1.5424498319625854492187500000000000000000
1.4540688991546630859375000000000000000000
1.3763688802719116210937500000000000000000
1.3090424537658691406250000000000000000000
1.2514851093292236328125000000000000000000
1.2028932571411132812500000000000000000000
1.1623481512069702148437500000000000000000
1.1288865804672241210937500000000000000000
1.1015540361404418945312500000000000000000
1.0794430971145629882812500000000000000000
1.0617188215255737304687500000000000000000
1.0476330518722534179687500000000000000000
3.0000000000000000000000000000000000000000
3.0000000000000000000000000000000000000000
2.9997255802154541015625000000000000000000
2.9984025955200195312500000000000000000000
2.9945385456085205078125000000000000000000
2.9859302043914794921875000000000000000000
2.9698622226715087890625000000000000000000
2.9434823989868164062500000000000000000000
2.9042394161224365234375000000000000000000
2.8502919673919677734375000000000000000000
2.7807972431182861328125000000000000000000
2.6960384845733642578125000000000000000000
2.5973920822143554687500000000000000000000
2.4871549606323242187500000000000000000000
2.3682830333709716796875000000000000000000
2.2440907955169677734375000000000000000000
2.1179566383361816406250000000000000000000
1.9930684566497802734375000000000000000000
1.8722311258316040039062500000000000000000
1.7577416896820068359375000000000000000000
1.6513303518295288085937500000000000000000
1.5541583299636840820312500000000000000000
1.4668571949005126953125000000000000000000
1.3895990848541259765625000000000000000000
1.3221805095672607421875000000000000000000
1.2641119956970214843750000000000000000000
1.2147040367126464843750000000000000000000
1.1731430292129516601562500000000000000000
1.1385562419891357421875000000000000000000
1.1100628376007080078125000000000000000000
1.0868119001388549804687500000000000000000
1.0680091381072998046875000000000000000000
3.0000000000000000000000000000000000000000
3.0000000000000000000000000000000000000000
2.9998421669006347656250000000000000000000
2.9990334510803222656250000000000000000000
2.9965510368347167968750000000000000000000
2.9907636642456054687500000000000000000000
2.9795050621032714843750000000000000000000
2.9602940082550048828125000000000000000000
2.9306628704071044921875000000000000000000
2.8885130882263183593750000000000000000000
2.8324263095855712890625000000000000000000
2.7618737220764160156250000000000000000000
2.6772983074188232421875000000000000000000
2.5800695419311523437500000000000000000000
2.4723310470581054687500000000000000000000
2.3567788600921630859375000000000000000000
2.2364120483398437500000000000000000000000
2.1142828464508056640625000000000000000000
1.9932837486267089843750000000000000000000
1.8759793043136596679687500000000000000000
1.7644959688186645507812500000000000000000
1.6604650020599365234375000000000000000000
1.5650136470794677734375000000000000000000
1.4787940979003906250000000000000000000000
1.4020380973815917968750000000000000000000
1.3346272706985473632812500000000000000000
1.2761700153350830078125000000000000000000
1.2260756492614746093750000000000000000000
1.1836245059967041015625000000000000000000
1.1480263471603393554687500000000000000000
1.1184693574905395507812500000000000000000
1.0941573381423950195312500000000000000000
3.0000000000000000000000000000000000000000
3.0000000000000000000000000000000000000000
2.9999089241027832031250000000000000000000
2.9994165897369384765625000000000000000000
2.9978306293487548828125000000000000000000
2.9939706325531005859375000000000000000000
2.9861578941345214843750000000000000000000
2.9723246097564697265625000000000000000000
2.9502336978912353515625000000000000000000
2.9177601337432861328125000000000000000000
2.8731782436370849609375000000000000000000
2.8154025077819824218750000000000000000000
2.7441401481628417968750000000000000000000
2.6599426269531250000000000000000000000000
2.5641546249389648437500000000000000000000
2.4587793350219726562500000000000000000000
2.3462896347045898437500000000000000000000
2.2294151782989501953125000000000000000000
2.1109323501586914062500000000000000000000
1.9934802055358886718750000000000000000000
1.8794161081314086914062500000000000000000
1.7707152366638183593750000000000000000000
1.6689174175262451171875000000000000000000
1.5751144886016845703125000000000000000000
1.4899693727493286132812500000000000000000
1.4137598276138305664062500000000000000000
1.3464379310607910156250000000000000000000
1.2876944541931152343750000000000000000000
1.2370262145996093750000000000000000000000
1.1937960386276245117187500000000000000000
1.1572895050048828125000000000000000000000
1.1267590522766113281250000000000000000000
3.0000000000000000000000000000000000000000
3.0000000000000000000000000000000000000000
2.9999477863311767578125000000000000000000
2.9996488094329833984375000000000000000000
2.9986407756805419921875000000000000000000
2.9960846900939941406250000000000000000000
2.9907102584838867187500000000000000000000
2.9808502197265625000000000000000000000000
2.9645695686340332031250000000000000000000
2.9398674964904785156250000000000000000000
2.9049177169799804687500000000000000000000
2.8583030700683593750000000000000000000000
2.7992007732391357421875000000000000000000
2.7274968624114990234375000000000000000000
2.6438164710998535156250000000000000000000
2.5494685173034667968750000000000000000000
2.4463281631469726562500000000000000000000
2.3366742134094238281250000000000000000000
2.2230050563812255859375000000000000000000
2.1078600883483886718750000000000000000000
1.9936605691909790039062500000000000000000
1.8825823068618774414062500000000000000000
1.7764663696289062500000000000000000000000
1.6767686605453491210937500000000000000000
1.5845443010330200195312500000000000000000
1.5004597902297973632812500000000000000000
1.4248292446136474609375000000000000000000
1.3576619625091552734375000000000000000000
1.2987195253372192382812500000000000000000
1.2475740909576416015625000000000000000000
1.2036637067794799804687500000000000000000
1.1663417816162109375000000000000000000000
3.0000000000000000000000000000000000000000
3.0000000000000000000000000000000000000000
2.9999699592590332031250000000000000000000
2.9997887611389160156250000000000000000000
2.9991514682769775390625000000000000000000
2.9974694252014160156250000000000000000000
2.9938015937805175781250000000000000000000
2.9868388175964355468750000000000000000000
2.9749655723571777343750000000000000000000
2.9563920497894287109375000000000000000000
2.9293379783630371093750000000000000000000
2.8922362327575683593750000000000000000000
2.8439238071441650390625000000000000000000
2.7837877273559570312500000000000000000000
2.7118515968322753906250000000000000000000
2.6287870407104492187500000000000000000000
2.5358624458312988281250000000000000000000
2.4348368644714355468750000000000000000000
2.3278179168701171875000000000000000000000
2.2171039581298828125000000000000000000000
2.1050298213958740234375000000000000000000
1.9938266277313232421875000000000000000000
1.8855115175247192382812500000000000000000
1.7818052768707275390625000000000000000000
1.6840866804122924804687500000000000000000
1.5933740139007568359375000000000000000000
1.5103325843811035156250000000000000000000
1.4353034496307373046875000000000000000000
1.3683439493179321289062500000000000000000
1.3092761039733886718750000000000000000000
1.2577385902404785156250000000000000000000
1.2132350206375122070312500000000000000000
3.0000000000000000000000000000000000000000
3.0000000000000000000000000000000000000000
2.9999825954437255859375000000000000000000
2.9998731613159179687500000000000000000000
2.9994719028472900390625000000000000000000
2.9983716011047363281250000000000000000000
2.9958865642547607421875000000000000000000
2.9910113811492919921875000000000000000000
2.9824354648590087890625000000000000000000
2.9686179161071777343750000000000000000000
2.9479169845581054687500000000000000000000
2.9187533855438232421875000000000000000000
2.8797831535339355468750000000000000000000
2.8300547599792480468750000000000000000000
2.7691240310668945312500000000000000000000
2.6971185207366943359375000000000000000000
2.6147396564483642578125000000000000000000
2.5232119560241699218750000000000000000000
2.4241881370544433593750000000000000000000
2.3196253776550292968750000000000000000000
2.2116477489471435546875000000000000000000
2.1024110317230224609375000000000000000000
1.9939804077148437500000000000000000000000
1.8882318735122680664062500000000000000000
1.7867791652679443359375000000000000000000
1.6909294128417968750000000000000000000000
1.6016644239425659179687500000000000000000
1.5196450948715209960937500000000000000000
1.4452329874038696289062500000000000000000
1.3785245418548583984375000000000000000000
1.3193939924240112304687500000000000000000
1.2675374746322631835937500000000000000000
3.0000000000000000000000000000000000000000
3.0000000000000000000000000000000000000000
2.9999899864196777343750000000000000000000
2.9999241828918457031250000000000000000000
2.9996724128723144531250000000000000000000
2.9989564418792724609375000000000000000000
2.9972839355468750000000000000000000000000
2.9938967227935791015625000000000000000000
2.9877569675445556640625000000000000000000
2.9775776863098144531250000000000000000000
2.9619064331054687500000000000000000000000
2.9392447471618652343750000000000000000000
2.9081943035125732421875000000000000000000
2.8676035404205322265625000000000000000000
2.8166966438293457031250000000000000000000
2.7551665306091308593750000000000000000000
2.6832199096679687500000000000000000000000
2.6015748977661132812500000000000000000000
2.5114107131958007812500000000000000000000
2.4142839908599853515625000000000000000000
2.3120179176330566406250000000000000000000
2.2065834999084472656250000000000000000000
2.0999789237976074218750000000000000000000
1.9941232204437255859375000000000000000000
1.8907673358917236328125000000000000000000
1.7914276123046875000000000000000000000000
1.6973458528518676757812500000000000000000
1.6094684600830078125000000000000000000000
1.5284485816955566406250000000000000000000
1.4546625614166259765625000000000000000000
1.3882403373718261718750000000000000000000
1.3290998935699462890625000000000000000000
3.0000000000000000000000000000000000000000
3.0000000000000000000000000000000000000000
2.9999940395355224609375000000000000000000
2.9999544620513916015625000000000000000000
2.9997973442077636718750000000000000000000
2.9993338584899902343750000000000000000000
2.9982151985168457031250000000000000000000
2.9958789348602294921875000000000000000000
2.9915187358856201171875000000000000000000
2.9840874671936035156250000000000000000000
2.9723405838012695312500000000000000000000
2.9549176692962646484375000000000000000000
2.9304568767547607421875000000000000000000
2.8977217674255371093750000000000000000000
2.8557260036468505859375000000000000000000
2.8038420677185058593750000000000000000000
2.7418730258941650390625000000000000000000
2.6700861454010009765625000000000000000000
2.5892064571380615234375000000000000000000
2.5003688335418701171875000000000000000000
2.4050416946411132812500000000000000000000
2.3049292564392089843750000000000000000000
2.2018661499023437500000000000000000000000
2.0977122783660888671875000000000000000000
1.9942562580108642578125000000000000000000
1.8931374549865722656250000000000000000000
1.7957847118377685546875000000000000000000
1.7033787965774536132812500000000000000000
1.6168316602706909179687500000000000000000
1.5367870330810546875000000000000000000000
1.4636325836181640625000000000000000000000
1.3975245952606201171875000000000000000000
3.0000000000000000000000000000000000000000
3.0000000000000000000000000000000000000000
2.9999964237213134765625000000000000000000
2.9999728202819824218750000000000000000000
2.9998750686645507812500000000000000000000
2.9995763301849365234375000000000000000000
2.9988322257995605468750000000000000000000
2.9972310066223144531250000000000000000000
2.9941582679748535156250000000000000000000
2.9887783527374267578125000000000000000000
2.9800531864166259765625000000000000000000
2.9667901992797851562500000000000000000000
2.9477231502532958984375000000000000000000
2.9216170310974121093750000000000000000000
2.8873796463012695312500000000000000000000
2.8441679477691650390625000000000000000000
2.7914774417877197265625000000000000000000
2.7292008399963378906250000000000000000000
2.6576533317565917968750000000000000000000
2.5775587558746337890625000000000000000000
2.4900088310241699218750000000000000000000
2.3963906764984130859375000000000000000000
2.2983026504516601562500000000000000000000
2.1974580287933349609375000000000000000000
2.0955929756164550781250000000000000000000
1.9943807125091552734375000000000000000000
1.8953598737716674804687500000000000000000
1.7998799085617065429687500000000000000000
1.7090647220611572265625000000000000000000
1.6237943172454833984375000000000000000000
1.5447003841400146484375000000000000000000
1.4721785783767700195312500000000000000000
3.0000000000000000000000000000000000000000
3.0000000000000000000000000000000000000000
2.9999978542327880859375000000000000000000
2.9999837875366210937500000000000000000000
2.9999232292175292968750000000000000000000
2.9997315406799316406250000000000000000000
2.9992394447326660156250000000000000000000
2.9981489181518554687500000000000000000000
2.9959981441497802734375000000000000000000
2.9921336174011230468750000000000000000000
2.9857077598571777343750000000000000000000
2.9757039546966552734375000000000000000000
2.9609868526458740234375000000000000000000
2.9403839111328125000000000000000000000000
2.9127767086029052734375000000000000000000
2.8772008419036865234375000000000000000000
2.8329370021820068359375000000000000000000
2.7795851230621337890625000000000000000000
2.7171108722686767578125000000000000000000
2.6458647251129150390625000000000000000000
2.5665659904479980468750000000000000000000
2.4802632331848144531250000000000000000000
2.3882706165313720703125000000000000000000
2.2920899391174316406250000000000000000000
2.1933264732360839843750000000000000000000
2.0936057567596435546875000000000000000000
1.9944974184036254882812500000000000000000
1.8974490165710449218750000000000000000000
1.8037378787994384765625000000000000000000
1.7144358158111572265625000000000000000000
1.6303907632827758789062500000000000000000
1.5522229671478271484375000000000000000000
3.0000000000000000000000000000000000000000
3.0000000000000000000000000000000000000000
2.9999988079071044921875000000000000000000
2.9999902248382568359375000000000000000000
2.9999527931213378906250000000000000000000
2.9998304843902587890625000000000000000000
2.9995062351226806640625000000000000000000
2.9987678527832031250000000000000000000000
2.9972724914550781250000000000000000000000
2.9945166110992431640625000000000000000000
2.9898219108581542968750000000000000000000
2.9823403358459472656250000000000000000000
2.9710845947265625000000000000000000000000
2.9549827575683593750000000000000000000000
2.9329500198364257812500000000000000000000
2.9039754867553710937500000000000000000000
2.8672080039978027343750000000000000000000
2.8220355510711669921875000000000000000000
2.7681455612182617187500000000000000000000
2.7055647373199462890625000000000000000000
2.6346690654754638671875000000000000000000
2.5561697483062744140625000000000000000000
2.4710745811462402343750000000000000000000
2.3806295394897460937500000000000000000000
2.2862498760223388671875000000000000000000
2.1894438266754150390625000000000000000000
2.0917375087738037109375000000000000000000
1.9946068525314331054687500000000000000000
1.8994178771972656250000000000000000000000
1.8073812723159790039062500000000000000000
1.7195199728012084960937500000000000000000
1.6366524696350097656250000000000000000000
3.0000000000000000000000000000000000000000
3.0000000000000000000000000000000000000000
2.9999995231628417968750000000000000000000
2.9999940395355224609375000000000000000000
2.9999711513519287109375000000000000000000
2.9998931884765625000000000000000000000000
2.9996807575225830078125000000000000000000
2.9991834163665771484375000000000000000000
2.9981498718261718750000000000000000000000
2.9961979389190673828125000000000000000000
2.9927930831909179687500000000000000000000
2.9872431755065917968750000000000000000000
2.9787087440490722656250000000000000000000
2.9662387371063232421875000000000000000000
2.9488236904144287109375000000000000000000
2.9254634380340576171875000000000000000000
2.8952448368072509765625000000000000000000
2.8574175834655761718750000000000000000000
2.8114612102508544921875000000000000000000
2.7571396827697753906250000000000000000000
2.6945271492004394531250000000000000000000
2.6240198612213134765625000000000000000000
2.5463185310363769531250000000000000000000
2.4623911380767822265625000000000000000000
2.3734219074249267578125000000000000000000
2.2807466983795166015625000000000000000000
2.1857860088348388671875000000000000000000
2.0899770259857177734375000000000000000000
1.9947104454040527343750000000000000000000
1.9012776613235473632812500000000000000000
1.8108289241790771484375000000000000000000
1.7243421077728271484375000000000000000000
3.0000000000000000000000000000000000000000
3.0000000000000000000000000000000000000000
2.9999997615814208984375000000000000000000
2.9999964237213134765625000000000000000000
2.9999823570251464843750000000000000000000
2.9999327659606933593750000000000000000000
2.9997940063476562500000000000000000000000
2.9994609355926513671875000000000000000000
2.9987509250640869140625000000000000000000
2.9973769187927246093750000000000000000000
2.9949247837066650390625000000000000000000
2.9908382892608642578125000000000000000000
2.9844193458557128906250000000000000000000
2.9748446941375732421875000000000000000000
2.9612040519714355468750000000000000000000
2.9425489902496337890625000000000000000000
2.9179587364196777343750000000000000000000
2.8866090774536132812500000000000000000000
2.8478391170501708984375000000000000000000
2.8012094497680664062500000000000000000000
2.7465462684631347656250000000000000000000
2.6839652061462402343750000000000000000000
2.6138763427734375000000000000000000000000
2.5369677543640136718750000000000000000000
2.4541695117950439453125000000000000000000
2.3666086196899414062500000000000000000000
2.2755491733551025390625000000000000000000
2.1823325157165527343750000000000000000000
2.0883140563964843750000000000000000000000
1.9948081970214843750000000000000000000000
1.9030380249023437500000000000000000000000
1.8140977621078491210937500000000000000000
3.0000000000000000000000000000000000000000
3.0000000000000000000000000000000000000000
3.0000000000000000000000000000000000000000
2.9999978542327880859375000000000000000000
2.9999890327453613281250000000000000000000
2.9999577999114990234375000000000000000000
2.9998676776885986328125000000000000000000
2.9996454715728759765625000000000000000000
2.9991602897644042968750000000000000000000
2.9981989860534667968750000000000000000000
2.9964447021484375000000000000000000000000
2.9934568405151367187500000000000000000000
2.9886653423309326171875000000000000000000
2.9813730716705322265625000000000000000000
2.9707794189453125000000000000000000000000
2.9560148715972900390625000000000000000000
2.9361915588378906250000000000000000000000
2.9104635715484619140625000000000000000000
2.8780863285064697265625000000000000000000
2.8384790420532226562500000000000000000000
2.7912721633911132812500000000000000000000
2.7363457679748535156250000000000000000000
2.6738486289978027343750000000000000000000
2.6042010784149169921875000000000000000000
2.5280764102935791015625000000000000000000
2.4463696479797363281250000000000000000000
2.3601546287536621093750000000000000000000
2.2706301212310791015625000000000000000000
2.1790645122528076171875000000000000000000
2.0867400169372558593750000000000000000000
1.9949005842208862304687500000000000000000
1.9047074317932128906250000000000000000000
3.0000000000000000000000000000000000000000
3.0000000000000000000000000000000000000000
3.0000000000000000000000000000000000000000
2.9999988079071044921875000000000000000000
2.9999935626983642578125000000000000000000
2.9999737739562988281250000000000000000000
2.9999151229858398437500000000000000000000
2.9997675418853759765625000000000000000000
2.9994378089904785156250000000000000000000
2.9987688064575195312500000000000000000000
2.9975214004516601562500000000000000000000
2.9953515529632568359375000000000000000000
2.9918005466461181640625000000000000000000
2.9862885475158691406250000000000000000000
2.9781270027160644531250000000000000000000
2.9665398597717285156250000000000000000000
2.9507005214691162109375000000000000000000
2.9297804832458496093750000000000000000000
2.9030010700225830078125000000000000000000
2.8696911334991455078125000000000000000000
2.8293404579162597656250000000000000000000
2.7816407680511474609375000000000000000000
2.7265181541442871093750000000000000000000
2.6641492843627929687500000000000000000000
2.5949597358703613281250000000000000000000
2.5196084976196289062500000000000000000000
2.4389569759368896484375000000000000000000
2.3540296554565429687500000000000000000000
2.2659652233123779296875000000000000000000
2.1759665012359619140625000000000000000000
2.0852472782135009765625000000000000000000
1.9949883222579956054687500000000000000000
