1.0000000000000000000000000000000000000000
1.0000000000000000000000000000000000000000
1.0000000000000000000000000000000000000000
1.0000000000000000000000000000000000000000
1.0000000000000000000000000000000000000000
1.0000000000000000000000000000000000000000
1.0000000000000000000000000000000000000000
1.0000000000000000000000000000000000000000
1.0000000000000000000000000000000000000000
1.0000000000000000000000000000000000000000
3.0000000000000000000000000000000000000000
1.7565066814422607421875000000000000000000
1.2360607385635375976562500000000000000000
0.9766288995742797851562500000000000000000
0.8715853691101074218750000000000000000000
0.8972614407539367675781250000000000000000
1.0671466588973999023437500000000000000000
1.4373705387115478515625000000000000000000
2.1807949542999267578125000000000000000000
4.0000000000000000000000000000000000000000
3.0000000000000000000000000000000000000000
2.0417149066925048828125000000000000000000
1.3490616083145141601562500000000000000000
0.9333158731460571289062500000000000000000
0.7542281746864318847656250000000000000000
0.7993319034576416015625000000000000000000
1.0891337394714355468750000000000000000000
1.6774107217788696289062500000000000000000
2.6475391387939453125000000000000000000000
4.0000000000000000000000000000000000000000
3.0000000000000000000000000000000000000000
2.1028833389282226562500000000000000000000
1.3714829683303833007812500000000000000000
0.8868218660354614257812500000000000000000
0.6686987876892089843750000000000000000000
0.7251182794570922851562500000000000000000
1.0782139301300048828125000000000000000000
1.7584441900253295898437500000000000000000
2.7653882503509521484375000000000000000000
4.0000000000000000000000000000000000000000
3.0000000000000000000000000000000000000000
2.1199870109558105468750000000000000000000
1.3809230327606201171875000000000000000000
0.8749791979789733886718750000000000000000
0.6428991556167602539062500000000000000000
0.7040926218032836914062500000000000000000
1.0806102752685546875000000000000000000000
1.7887923717498779296875000000000000000000
2.7998013496398925781250000000000000000000
4.0000000000000000000000000000000000000000
3.0000000000000000000000000000000000000000
2.1468608379364013671875000000000000000000
1.4274837970733642578125000000000000000000
0.9324855804443359375000000000000000000000
0.7048300504684448242187500000000000000000
0.7660236358642578125000000000000000000000
1.1381165981292724609375000000000000000000
1.8353532552719116210937500000000000000000
2.8266749382019042968750000000000000000000
4.0000000000000000000000000000000000000000
3.0000000000000000000000000000000000000000
2.1983749866485595703125000000000000000000
1.5326225757598876953125000000000000000000
1.0816786289215087890625000000000000000000
0.8764848709106445312500000000000000000000
0.9329043626785278320312500000000000000000
1.2730705738067626953125000000000000000000
1.9195839166641235351562500000000000000000
2.8608798980712890625000000000000000000000
4.0000000000000000000000000000000000000000
3.0000000000000000000000000000000000000000
2.2586495876312255859375000000000000000000
1.6891801357269287109375000000000000000000
1.3260014057159423828125000000000000000000
1.1651344299316406250000000000000000000000
1.2102382183074951171875000000000000000000
1.4818191528320312500000000000000000000000
2.0175290107727050781250000000000000000000
2.8644738197326660156250000000000000000000
4.0000000000000000000000000000000000000000
3.0000000000000000000000000000000000000000
2.2375597953796386718750000000000000000000
1.8575776815414428710937500000000000000000
1.6444540023803710937500000000000000000000
1.5537974834442138671875000000000000000000
1.5794734954833984375000000000000000000000
1.7349716424942016601562500000000000000000
2.0588874816894531250000000000000000000000
2.6618478298187255859375000000000000000000
4.0000000000000000000000000000000000000000
2.0000000000000000000000000000000000000000
2.0000000000000000000000000000000000000000
2.0000000000000000000000000000000000000000
2.0000000000000000000000000000000000000000
2.0000000000000000000000000000000000000000
2.0000000000000000000000000000000000000000
2.0000000000000000000000000000000000000000
2.0000000000000000000000000000000000000000
2.0000000000000000000000000000000000000000
2.0000000000000000000000000000000000000000
