1.0000000000000000000000000000000000000000
1.0000000000000000000000000000000000000000
0.7816390991210937500000000000000000000000
0.6323052644729614257812500000000000000000
0.4823501110076904296875000000000000000000
0.3569430112838745117187500000000000000000
0.2528202533721923828125000000000000000000
0.1715317964553833007812500000000000000000
0.1109334453940391540527343750000000000000
0.0681935027241706848144531250000000000000
0.0396418683230876922607421875000000000000
0.0216684490442276000976562500000000000000
0.0110710998997092247009277343750000000000
0.0052400710992515087127685546875000000000
0.0022677804809063673019409179687500000000
0.0008847922435961663722991943359375000000
0.0003047654463443905115127563476562500000
0.0000888430586201138794422149658203125000
0.0000204411790036829188466072082519531250
0.0000033737867397576337680220603942871094
0.0000003473015794952516444027423858642578
0.0000000165381717209811540669761598110199
0.0000000000000000000000000000000000000000
0.0000000000000000000000000000000000000000
0.0000000000000000000000000000000000000000
0.0000000000000000000000000000000000000000
0.0000000000000000000000000000000000000000
0.0000000000000000000000000000000000000000
0.0000000000000000000000000000000000000000
0.0000000000000000000000000000000000000000
0.0000000000000000000000000000000000000000
0.0000000000000000000000000000000000000000
0.0000000000000000000000000000000000000000
0.0000000000000000000000000000000000000000
0.0000000000000000000000000000000000000000
0.0000000000000000000000000000000000000000
0.0000000000000000000000000000000000000000
0.0000000000000000000000000000000000000000
0.0000000000000000000000000000000000000000
0.0000000000000000000000000000000000000000
0.0000000000000000000000000000000000000000
0.0000000000000000000000000000000000000000
0.0000000000000000000000000000000000000000
0.0000000000000000000000000000000000000000
0.0000000000000000000000000000000000000000
0.0000000000000000000000000000000000000000
0.0000000000000000000000000000000000000000
0.0000000000000000000000000000000000000000
0.0000000000000000000000000000000000000000
0.0000000000000000000000000000000000000000
0.0000000000000000000000000000000000000000
0.0000000000000000000000000000000000000000
0.0000000000000000000000000000000000000000
0.0000000000000000000000000000000000000000
0.0000000000000000000000000000000000000000
0.0000000000000000000000000000000000000000
0.0000000000000000000000000000000000000000
0.0000000000000000000000000000000000000000
0.0000000000000000000000000000000000000000
0.0000000000000000000000000000000000000000
0.0000000000000000000000000000000000000000
0.0000000000000000000000000000000000000000
0.0000000000000000000000000000000000000000
0.0000000000000000000000000000000000000000
0.0000000000000000000000000000000000000000
0.0000000000000000000000000000000000000000
0.0000000000000000000000000000000000000000
0.0000000000000000000000000000000000000000
0.0000000000000000000000000000000000000000
0.0000000000000000000000000000000000000000
0.0000000000000000000000000000000000000000
0.0000000000000000000000000000000000000000
0.0000000000000000000000000000000000000000
0.0000000000000000000000000000000000000000
0.0000000000000000000000000000000000000000
0.0000000000000000000000000000000000000000
0.0000000000000000000000000000000000000000
0.0000000000000000000000000000000000000000
0.0000000330763434419623081339523196220398
0.0000006946031589905032888054847717285156
0.0000067475734795152675360441207885742188
0.0000408823580073658376932144165039062500
0.0001776861026883125305175781250000000000
0.0006095308344811201095581054687500000000
0.0017695842543616890907287597656250000000
0.0045355604961514472961425781250000000000
0.0104801403358578681945800781250000000000
0.0221421960741281509399414062500000000000
0.0433368869125843048095703125000000000000
0.0792837217450141906738281250000000000000
0.1363869905471801757812500000000000000000
0.2218668460845947265625000000000000000000
0.3430635929107666015625000000000000000000
0.5056404471397399902343750000000000000000
0.7138860225677490234375000000000000000000
0.9647002220153808593750000000000000000000
1.2646104097366333007812500000000000000000
1.5632781982421875000000000000000000000000
2.0000000000000000000000000000000000000000
2.0000000000000000000000000000000000000000
