1.0000000000000000000000000000000000000000
1.0000000000000000000000000000000000000000
1.0000000000000000000000000000000000000000
1.0000000000000000000000000000000000000000
1.0000000000000000000000000000000000000000
1.0000000000000000000000000000000000000000
1.0000000000000000000000000000000000000000
1.0000000000000000000000000000000000000000
1.0000000000000000000000000000000000000000
1.0000000000000000000000000000000000000000
1.0000000000000000000000000000000000000000
1.0000000000000000000000000000000000000000
1.0000000000000000000000000000000000000000
1.0000000000000000000000000000000000000000
1.0000000000000000000000000000000000000000
1.0000000000000000000000000000000000000000
1.0000000000000000000000000000000000000000
1.0000000000000000000000000000000000000000
1.0000000000000000000000000000000000000000
1.0000000000000000000000000000000000000000
1.0000000000000000000000000000000000000000
1.0000000000000000000000000000000000000000
1.0000000000000000000000000000000000000000
1.0000000000000000000000000000000000000000
1.0000000000000000000000000000000000000000
1.0000000000000000000000000000000000000000
1.0000000000000000000000000000000000000000
1.0000000000000000000000000000000000000000
1.0000000000000000000000000000000000000000
1.0000000000000000000000000000000000000000
1.0000000000000000000000000000000000000000
1.0000000000000000000000000000000000000000
1.0000000000000000000000000000000000000000
1.0000000000000000000000000000000000000000
1.0000000000000000000000000000000000000000
1.0000000000000000000000000000000000000000
1.0000000000000000000000000000000000000000
1.0000000000000000000000000000000000000000
1.0000000000000000000000000000000000000000
1.0000000000000000000000000000000000000000
1.0000000000000000000000000000000000000000
1.0000000000000000000000000000000000000000
1.0000000000000000000000000000000000000000
1.0000000000000000000000000000000000000000
1.0000000000000000000000000000000000000000
1.0000000000000000000000000000000000000000
1.0000000000000000000000000000000000000000
1.0000000000000000000000000000000000000000
1.0000000000000000000000000000000000000000
1.0000000000000000000000000000000000000000
1.0000000000000000000000000000000000000000
1.0000000000000000000000000000000000000000
1.0000000000000000000000000000000000000000
1.0000000000000000000000000000000000000000
1.0000000000000000000000000000000000000000
1.0000000000000000000000000000000000000000
1.0000000000000000000000000000000000000000
1.0000000000000000000000000000000000000000
1.0000000000000000000000000000000000000000
1.0000000000000000000000000000000000000000
1.0000000000000000000000000000000000000000
1.0000000000000000000000000000000000000000
1.0000000000000000000000000000000000000000
1.0000000000000000000000000000000000000000
3.0000000000000000000000000000000000000000
3.0000000000000000000000000000000000000000
1.9790647029876708984375000000000000000000
1.6372101306915283203125000000000000000000
1.4216804504394531250000000000000000000000
1.2943716049194335937500000000000000000000
1.2085607051849365234375000000000000000000
1.1472905874252319335937500000000000000000
1.1013834476470947265625000000000000000000
1.0661196708679199218750000000000000000000
1.0388462543487548828125000000000000000000
1.0180190801620483398437500000000000000000
1.0027124881744384765625000000000000000000
0.9923739433288574218750000000000000000000
0.9866951704025268554687500000000000000000
0.9855440258979797363281250000000000000000
0.9889316558837890625000000000000000000000
0.9970016479492187500000000000000000000000
1.0100383758544921875000000000000000000000
1.0284960269927978515625000000000000000000
1.0530560016632080078125000000000000000000
1.0847369432449340820312500000000000000000
1.1250922679901123046875000000000000000000
1.1765840053558349609375000000000000000000
1.2433214187622070312500000000000000000000
1.3325015306472778320312500000000000000000
1.4579993486404418945312500000000000000000
1.6453567743301391601562500000000000000000
1.9647264480590820312500000000000000000000
2.4735324382781982421875000000000000000000
4.0000000000000000000000000000000000000000
4.0000000000000000000000000000000000000000
3.0000000000000000000000000000000000000000
3.0000000000000000000000000000000000000000
2.2868549823760986328125000000000000000000
1.9311420917510986328125000000000000000000
1.6692667007446289062500000000000000000000
1.4884003400802612304687500000000000000000
1.3554084300994873046875000000000000000000
1.2548568248748779296875000000000000000000
1.1769149303436279296875000000000000000000
1.1157898902893066406250000000000000000000
1.0679125785827636718750000000000000000000
1.0310627222061157226562500000000000000000
1.0038486719131469726562500000000000000000
0.9854161143302917480468750000000000000000
0.9752830266952514648437500000000000000000
0.9732476472854614257812500000000000000000
0.9793416857719421386718750000000000000000
0.9938170313835144042968750000000000000000
1.0171571969985961914062500000000000000000
1.0501194000244140625000000000000000000000
1.0938189029693603515625000000000000000000
1.1498767137527465820312500000000000000000
1.2206771373748779296875000000000000000000
1.3098133802413940429687500000000000000000
1.4228729009628295898437500000000000000000
1.5687577724456787109375000000000000000000
1.7624088525772094726562500000000000000000
2.0271706581115722656250000000000000000000
2.4128687381744384765625000000000000000000
2.9392282962799072265625000000000000000000
4.0000000000000000000000000000000000000000
4.0000000000000000000000000000000000000000
3.0000000000000000000000000000000000000000
3.0000000000000000000000000000000000000000
2.4681687355041503906250000000000000000000
2.1309635639190673828125000000000000000000
1.8551069498062133789062500000000000000000
1.6444361209869384765625000000000000000000
1.4791852235794067382812500000000000000000
1.3483393192291259765625000000000000000000
1.2437294721603393554687500000000000000000
1.1599650382995605468750000000000000000000
1.0934387445449829101562500000000000000000
1.0417616367340087890625000000000000000000
1.0033690929412841796875000000000000000000
0.9772737622261047363281250000000000000000
0.9629147648811340332031250000000000000000
0.9600684046745300292968750000000000000000
0.9688040018081665039062500000000000000000
0.9894679784774780273437500000000000000000
1.0226993560791015625000000000000000000000
1.0694733858108520507812500000000000000000
1.1311872005462646484375000000000000000000
1.2098062038421630859375000000000000000000
1.3081032037734985351562500000000000000000
1.4300374984741210937500000000000000000000
1.5813577175140380859375000000000000000000
1.7704560756683349609375000000000000000000
2.0098674297332763671875000000000000000000
2.3163950443267822265625000000000000000000
2.7198646068572998046875000000000000000000
3.2152214050292968750000000000000000000000
4.0000000000000000000000000000000000000000
4.0000000000000000000000000000000000000000
3.0000000000000000000000000000000000000000
3.0000000000000000000000000000000000000000
2.5630426406860351562500000000000000000000
2.2530052661895751953125000000000000000000
1.9804441928863525390625000000000000000000
1.7572069168090820312500000000000000000000
1.5729912519454956054687500000000000000000
1.4214148521423339843750000000000000000000
1.2968353033065795898437500000000000000000
1.1950939893722534179687500000000000000000
1.1131627559661865234375000000000000000000
1.0489060878753662109375000000000000000000
1.0008602142333984375000000000000000000000
0.9680784344673156738281250000000000000000
0.9500237703323364257812500000000000000000
0.9465056657791137695312500000000000000000
0.9576438069343566894531250000000000000000
0.9838595390319824218750000000000000000000
1.0258872509002685546875000000000000000000
1.0848122835159301757812500000000000000000
1.1621381044387817382812500000000000000000
1.2598992586135864257812500000000000000000
1.3808321952819824218750000000000000000000
1.5286215543746948242187500000000000000000
1.7082417011260986328125000000000000000000
1.9263248443603515625000000000000000000000
2.1916966438293457031250000000000000000000
2.5142920017242431640625000000000000000000
2.9097933769226074218750000000000000000000
3.3613343238830566406250000000000000000000
4.0000000000000000000000000000000000000000
4.0000000000000000000000000000000000000000
3.0000000000000000000000000000000000000000
3.0000000000000000000000000000000000000000
2.6183948516845703125000000000000000000000
2.3307547569274902343750000000000000000000
2.0655555725097656250000000000000000000000
1.8376766443252563476562500000000000000000
1.6423727273941040039062500000000000000000
1.4767405986785888671875000000000000000000
1.3374422788619995117187500000000000000000
1.2217061519622802734375000000000000000000
1.1273227930068969726562500000000000000000
1.0526281595230102539062500000000000000000
0.9964305758476257324218750000000000000000
0.9579436182975769042968750000000000000000
0.9367324709892272949218750000000000000000
0.9326796531677246093750000000000000000000
0.9459666013717651367187500000000000000000
0.9770686030387878417968750000000000000000
1.0267637968063354492187500000000000000000
1.0961565971374511718750000000000000000000
1.1867202520370483398437500000000000000000
1.3003610372543334960937500000000000000000
1.4395109415054321289062500000000000000000
1.6072406768798828125000000000000000000000
1.8073835372924804687500000000000000000000
2.0445713996887207031250000000000000000000
2.3242478370666503906250000000000000000000
2.6512038707733154296875000000000000000000
3.0328338146209716796875000000000000000000
3.4479146003723144531250000000000000000000
4.0000000000000000000000000000000000000000
4.0000000000000000000000000000000000000000
3.0000000000000000000000000000000000000000
3.0000000000000000000000000000000000000000
2.6516315937042236328125000000000000000000
2.3804621696472167968750000000000000000000
2.1226401329040527343750000000000000000000
1.8937581777572631835937500000000000000000
1.6920887231826782226562500000000000000000
1.5170519351959228515625000000000000000000
1.3671038150787353515625000000000000000000
1.2407190799713134765625000000000000000000
1.1365239620208740234375000000000000000000
1.0534003973007202148437500000000000000000
0.9905096292495727539062500000000000000000
0.9472928047180175781250000000000000000000
0.9234650731086730957031250000000000000000
0.9190084338188171386718750000000000000000
0.9341695904731750488281250000000000000000
0.9694600105285644531250000000000000000000
1.0256597995758056640625000000000000000000
1.1038271188735961914062500000000000000000
1.2053105831146240234375000000000000000000
1.3317698240280151367187500000000000000000
1.4851967096328735351562500000000000000000
1.6679261922836303710937500000000000000000
1.8826150894165039062500000000000000000000
2.1320974826812744140625000000000000000000
2.4191927909851074218750000000000000000000
2.7452747821807861328125000000000000000000
3.1132552623748779296875000000000000000000
3.5010139942169189453125000000000000000000
4.0000000000000000000000000000000000000000
4.0000000000000000000000000000000000000000
3.0000000000000000000000000000000000000000
3.0000000000000000000000000000000000000000
2.6722910404205322265625000000000000000000
2.4126098155975341796875000000000000000000
2.1608099937438964843750000000000000000000
1.9323145151138305664062500000000000000000
1.7269575595855712890625000000000000000000
1.5456097126007080078125000000000000000000
1.3880113363265991210937500000000000000000
1.2536364793777465820312500000000000000000
1.1418502330780029296875000000000000000000
1.0520617961883544921875000000000000000000
0.9837991595268249511718750000000000000000
0.9367550611495971679687500000000000000000
0.9108139276504516601562500000000000000000
0.9060680270195007324218750000000000000000
0.9228278994560241699218750000000000000000
0.9616267085075378417968750000000000000000
1.0232186317443847656250000000000000000000
1.1085740327835083007812500000000000000000
1.2188674211502075195312500000000000000000
1.3554599285125732421875000000000000000000
1.5198681354522705078125000000000000000000
1.7137088775634765625000000000000000000000
1.9385957717895507812500000000000000000000
2.1959273815155029296875000000000000000000
2.4866566658020019531250000000000000000000
2.8100426197052001953125000000000000000000
3.1666898727416992187500000000000000000000
3.5348887443542480468750000000000000000000
4.0000000000000000000000000000000000000000
4.0000000000000000000000000000000000000000
3.0000000000000000000000000000000000000000
3.0000000000000000000000000000000000000000
2.6854205131530761718750000000000000000000
2.4335856437683105468750000000000000000000
2.1863179206848144531250000000000000000000
1.9586181640625000000000000000000000000000
1.7510992288589477539062500000000000000000
1.5655041933059692382812500000000000000000
1.4024488925933837890625000000000000000000
1.2621600627899169921875000000000000000000
1.1446065902709960937500000000000000000000
1.0496578216552734375000000000000000000000
0.9771822690963745117187500000000000000000
0.9271163940429687500000000000000000000000
0.8995127677917480468750000000000000000000
0.8945732116699218750000000000000000000000
0.9126667976379394531250000000000000000000
0.9543371200561523437500000000000000000000
1.0202964544296264648437500000000000000000
1.1114081144332885742187500000000000000000
1.2286561727523803710937500000000000000000
1.3730994462966918945312500000000000000000
1.5458071231842041015625000000000000000000
1.7477636337280273437500000000000000000000
1.9797356128692626953125000000000000000000
2.2420468330383300781250000000000000000000
2.5343871116638183593750000000000000000000
2.8547587394714355468750000000000000000000
3.2026317119598388671875000000000000000000
3.5570616722106933593750000000000000000000
4.0000000000000000000000000000000000000000
4.0000000000000000000000000000000000000000
3.0000000000000000000000000000000000000000
3.0000000000000000000000000000000000000000
2.6939637660980224609375000000000000000000
2.4474844932556152343750000000000000000000
2.2035336494445800781250000000000000000000
1.9766798019409179687500000000000000000000
1.7679128646850585937500000000000000000000
1.5794869661331176757812500000000000000000
1.4125980138778686523437500000000000000000
1.2680170536041259765625000000000000000000
1.1461799144744873046875000000000000000000
1.0473346710205078125000000000000000000000
0.9716424942016601562500000000000000000000
0.9192575216293334960937500000000000000000
0.8903867602348327636718750000000000000000
0.8853311538696289062500000000000000000000
0.9045110940933227539062500000000000000000
0.9484731554985046386718750000000000000000
1.0178811550140380859375000000000000000000
1.1134891510009765625000000000000000000000
1.2360972166061401367187500000000000000000
1.3864877223968505859375000000000000000000
1.5653408765792846679687500000000000000000
1.7731231451034545898437500000000000000000
2.0099475383758544921875000000000000000000
2.2753674983978271484375000000000000000000
2.5682449340820312500000000000000000000000
2.8858585357666015625000000000000000000000
3.2271399497985839843750000000000000000000
3.5719037055969238281250000000000000000000
4.0000000000000000000000000000000000000000
4.0000000000000000000000000000000000000000
3.0000000000000000000000000000000000000000
3.0000000000000000000000000000000000000000
2.6997268199920654296875000000000000000000
2.4569995403289794921875000000000000000000
2.2155270576477050781250000000000000000000
1.9895145893096923828125000000000000000000
1.7801227569580078125000000000000000000000
1.5899013280868530273437500000000000000000
1.4204227924346923828125000000000000000000
1.2728391885757446289062500000000000000000
1.1479351520538330078125000000000000000000
1.0462549924850463867187500000000000000000
0.9681982994079589843750000000000000000000
0.9141027331352233886718750000000000000000
0.8843069076538085937500000000000000000000
0.8791980743408203125000000000000000000000
0.8992385864257812500000000000000000000000
0.9449736475944519042968750000000000000000
1.0170192718505859375000000000000000000000
1.1160285472869873046875000000000000000000
1.2426385879516601562500000000000000000000
1.3973954916000366210937500000000000000000
1.5806617736816406250000000000000000000000
1.7924998998641967773437500000000000000000
2.0325381755828857421875000000000000000000
2.2997953891754150390625000000000000000000
2.5926022529602050781250000000000000000000
2.9078297615051269531250000000000000000000
3.2441737651824951171875000000000000000000
3.5820755958557128906250000000000000000000
4.0000000000000000000000000000000000000000
4.0000000000000000000000000000000000000000
3.0000000000000000000000000000000000000000
3.0000000000000000000000000000000000000000
2.7038741111755371093750000000000000000000
2.4639549255371093750000000000000000000000
2.2244868278503417968750000000000000000000
1.9993848800659179687500000000000000000000
1.7898820638656616210937500000000000000000
1.5986926555633544921875000000000000000000
1.4276291131973266601562500000000000000000
1.2781035900115966796875000000000000000000
1.1511514186859130859375000000000000000000
1.0475393533706665039062500000000000000000
0.9678525924682617187500000000000000000000
0.9125747680664062500000000000000000000000
0.8821519017219543457031250000000000000000
0.8770411610603332519531250000000000000000
0.8977381587028503417968750000000000000000
0.9447851181030273437500000000000000000000
1.0187553167343139648437500000000000000000
1.1202156543731689453125000000000000000000
1.2496671676635742187500000000000000000000
1.4074678421020507812500000000000000000000
1.5937325954437255859375000000000000000000
1.8082218170166015625000000000000000000000
2.0502185821533203125000000000000000000000
2.3183798789978027343750000000000000000000
2.6107044219970703125000000000000000000000
2.9238390922546386718750000000000000000000
3.2563877105712890625000000000000000000000
3.5892822742462158203125000000000000000000
4.0000000000000000000000000000000000000000
4.0000000000000000000000000000000000000000
3.0000000000000000000000000000000000000000
3.0000000000000000000000000000000000000000
2.7071871757507324218750000000000000000000
2.4696142673492431640625000000000000000000
2.2319886684417724609375000000000000000000
2.0079894065856933593750000000000000000000
1.7988741397857666015625000000000000000000
1.6074450016021728515625000000000000000000
1.4356607198715209960937500000000000000000
1.2851051092147827148437500000000000000000
1.1569856405258178710937500000000000000000
1.0522286891937255859375000000000000000000
0.9715563654899597167968750000000000000000
0.9155622720718383789062500000000000000000
0.8847753405570983886718750000000000000000
0.8797060251235961914062500000000000000000
0.9008760452270507812500000000000000000000
0.9488235712051391601562500000000000000000
1.0240869522094726562500000000000000000000
1.1271646022796630859375000000000000000000
1.2584537267684936523437500000000000000000
1.4181683063507080078125000000000000000000
1.6062427759170532226562500000000000000000
1.8222229480743408203125000000000000000000
2.0651564598083496093750000000000000000000
2.3334641456604003906250000000000000000000
2.6249442100524902343750000000000000000000
2.9361283779144287109375000000000000000000
3.2655932903289794921875000000000000000000
3.5946459770202636718750000000000000000000
4.0000000000000000000000000000000000000000
4.0000000000000000000000000000000000000000
3.0000000000000000000000000000000000000000
3.0000000000000000000000000000000000000000
2.7101981639862060546875000000000000000000
2.4748649597167968750000000000000000000000
2.2391703128814697265625000000000000000000
2.0165958404541015625000000000000000000000
1.8084007501602172851562500000000000000000
1.6174256801605224609375000000000000000000
1.4457128047943115234375000000000000000000
1.2949490547180175781250000000000000000000
1.1664544343948364257812500000000000000000
1.0612603425979614257812500000000000000000
0.9801832437515258789062500000000000000000
0.9238942265510559082031250000000000000000
0.8929802775382995605468750000000000000000
0.8879915475845336914062500000000000000000
0.9094671010971069335937500000000000000000
0.9579423666000366210937500000000000000000
1.0339301824569702148437500000000000000000
1.1378798484802246093750000000000000000000
1.2701143026351928710937500000000000000000
1.4307485818862915039062500000000000000000
1.6195948123931884765625000000000000000000
1.8360583782196044921875000000000000000000
2.0790369510650634765625000000000000000000
2.3468108177185058593750000000000000000000
2.6370646953582763671875000000000000000000
2.9462790489196777343750000000000000000000
3.2730336189270019531250000000000000000000
3.5989193916320800781250000000000000000000
4.0000000000000000000000000000000000000000
4.0000000000000000000000000000000000000000
3.0000000000000000000000000000000000000000
3.0000000000000000000000000000000000000000
2.7132756710052490234375000000000000000000
2.4803280830383300781250000000000000000000
2.2468481063842773437500000000000000000000
2.0261383056640625000000000000000000000000
1.8194487094879150390625000000000000000000
1.6296255588531494140625000000000000000000
1.4587466716766357421875000000000000000000
1.3085527420043945312500000000000000000000
1.1804238557815551757812500000000000000000
1.0754525661468505859375000000000000000000
0.9945114850997924804687500000000000000000
0.9383192062377929687500000000000000000000
0.9074994921684265136718750000000000000000
0.9026266336441040039062500000000000000000
0.9242520332336425781250000000000000000000
0.9729093313217163085937500000000000000000
1.0490953922271728515625000000000000000000
1.1532294750213623046875000000000000000000
1.2855899333953857421875000000000000000000
1.4462339878082275390625000000000000000000
1.6349031925201416015625000000000000000000
1.8509256839752197265625000000000000000000
2.0931205749511718750000000000000000000000
2.3596982955932617187500000000000000000000
2.6482930183410644531250000000000000000000
2.9553771018981933593750000000000000000000
3.2795405387878417968750000000000000000000
3.6025977134704589843750000000000000000000
4.0000000000000000000000000000000000000000
4.0000000000000000000000000000000000000000
3.0000000000000000000000000000000000000000
3.0000000000000000000000000000000000000000
2.7166633605957031250000000000000000000000
2.4864223003387451171875000000000000000000
2.2555835247039794921875000000000000000000
2.0372762680053710937500000000000000000000
1.8327356576919555664062500000000000000000
1.6447864770889282226562500000000000000000
1.4755065441131591796875000000000000000000
1.3266463279724121093750000000000000000000
1.1996037960052490234375000000000000000000
1.0954930782318115234375000000000000000000
1.0152086019515991210937500000000000000000
0.9594891667366027832031250000000000000000
0.9289749860763549804687500000000000000000
0.9242521524429321289062500000000000000000
0.9458775520324707031250000000000000000000
0.9943848848342895507812500000000000000000
1.0702654123306274414062500000000000000000
1.1739265918731689453125000000000000000000
1.3056304454803466796875000000000000000000
1.4654138088226318359375000000000000000000
1.6529967784881591796875000000000000000000
1.8676855564117431640625000000000000000000
2.1082816123962402343750000000000000000000
2.3729848861694335937500000000000000000000
2.6594314575195312500000000000000000000000
2.9641127586364746093750000000000000000000
3.2856349945068359375000000000000000000000
3.6059851646423339843750000000000000000000
4.0000000000000000000000000000000000000000
4.0000000000000000000000000000000000000000
3.0000000000000000000000000000000000000000
3.0000000000000000000000000000000000000000
2.7205047607421875000000000000000000000000
2.4933991432189941406250000000000000000000
2.2657237052917480468750000000000000000000
2.0504314899444580078125000000000000000000
1.8487367630004882812500000000000000000000
1.6634206771850585937500000000000000000000
1.4965254068374633789062500000000000000000
1.3497735261917114257812500000000000000000
1.2245409488677978515625000000000000000000
1.1219270229339599609375000000000000000000
1.0428165197372436523437500000000000000000
0.9879425168037414550781250000000000000000
0.9579423666000366210937500000000000000000
0.9534013867378234863281250000000000000000
0.9748769998550415039062500000000000000000
1.0229043960571289062500000000000000000000
1.0979783535003662109375000000000000000000
1.2005131244659423828125000000000000000000
1.3307808637619018554687500000000000000000
1.4888350963592529296875000000000000000000
1.6744191646575927734375000000000000000000
1.8868709802627563476562500000000000000000
2.1250314712524414062500000000000000000000
2.3871471881866455078125000000000000000000
2.6709001064300537109375000000000000000000
2.9728324413299560546875000000000000000000
3.2915673255920410156250000000000000000000
3.6092255115509033203125000000000000000000
4.0000000000000000000000000000000000000000
4.0000000000000000000000000000000000000000
3.0000000000000000000000000000000000000000
3.0000000000000000000000000000000000000000
2.7248513698577880859375000000000000000000
2.5013551712036132812500000000000000000000
2.2774143218994140625000000000000000000000
2.0657982826232910156250000000000000000000
1.8676941394805908203125000000000000000000
1.6858119964599609375000000000000000000000
1.5221245288848876953125000000000000000000
1.3782851696014404296875000000000000000000
1.2556092739105224609375000000000000000000
1.1551452875137329101562500000000000000000
1.0777370929718017578125000000000000000000
1.0240868330001831054687500000000000000000
0.9948114156723022460937500000000000000000
0.9904823303222656250000000000000000000000
1.0116522312164306640625000000000000000000
1.0588595867156982421875000000000000000000
1.1326113939285278320312500000000000000000
1.2333452701568603515625000000000000000000
1.3613703250885009765625000000000000000000
1.5167920589447021484375000000000000000000
1.6994225978851318359375000000000000000000
1.9086862802505493164062500000000000000000
2.1435232162475585937500000000000000000000
2.4022841453552246093750000000000000000000
2.6827530860900878906250000000000000000000
2.9815537929534912109375000000000000000000
3.2973341941833496093750000000000000000000
3.6123104095458984375000000000000000000000
4.0000000000000000000000000000000000000000
4.0000000000000000000000000000000000000000
3.0000000000000000000000000000000000000000
3.0000000000000000000000000000000000000000
2.7296578884124755859375000000000000000000
2.5102257728576660156250000000000000000000
2.2905914783477783203125000000000000000000
2.0833373069763183593750000000000000000000
1.8896080255508422851562500000000000000000
1.7120101451873779296875000000000000000000
1.5524039268493652343750000000000000000000
1.4123294353485107421875000000000000000000
1.2929981946945190429687500000000000000000
1.1953697204589843750000000000000000000000
1.1202155351638793945312500000000000000000
1.0681830644607543945312500000000000000000
1.0398485660552978515625000000000000000000
1.0357590913772583007812500000000000000000
1.0564559698104858398437500000000000000000
1.1024818420410156250000000000000000000000
1.1743637323379516601562500000000000000000
1.2725784778594970703125000000000000000000
1.3974977731704711914062500000000000000000
1.5493146181106567382812500000000000000000
1.7279583215713500976562500000000000000000
1.9329965114593505859375000000000000000000
2.1635360717773437500000000000000000000000
2.4181056022644042968750000000000000000000
2.6946563720703125000000000000000000000000
2.9899430274963378906250000000000000000000
3.3026585578918457031250000000000000000000
3.6150653362274169921875000000000000000000
4.0000000000000000000000000000000000000000
4.0000000000000000000000000000000000000000
3.0000000000000000000000000000000000000000
3.0000000000000000000000000000000000000000
2.7347638607025146484375000000000000000000
2.5197558403015136718750000000000000000000
2.3049526214599609375000000000000000000000
2.1027464866638183593750000000000000000000
1.9142150878906250000000000000000000000000
1.7418113946914672851562500000000000000000
1.5872285366058349609375000000000000000000
1.4518376588821411132812500000000000000000
1.3366980552673339843750000000000000000000
1.2426385879516601562500000000000000000000
1.1703263521194458007812500000000000000000
1.1203277111053466796875000000000000000000
1.0931609869003295898437500000000000000000
1.0893355607986450195312500000000000000000
1.1093759536743164062500000000000000000000
1.1538276672363281250000000000000000000000
1.2232443094253540039062500000000000000000
1.3181567192077636718750000000000000000000
1.4390223026275634765625000000000000000000
1.5861580371856689453125000000000000000000
1.7596601247787475585937500000000000000000
1.9593054056167602539062500000000000000000
2.1844482421875000000000000000000000000000
2.4338874816894531250000000000000000000000
2.7058343887329101562500000000000000000000
2.9972553253173828125000000000000000000000
3.3069298267364501953125000000000000000000
3.6171123981475830078125000000000000000000
4.0000000000000000000000000000000000000000
4.0000000000000000000000000000000000000000
3.0000000000000000000000000000000000000000
3.0000000000000000000000000000000000000000
2.7398543357849121093750000000000000000000
2.5294485092163085937500000000000000000000
2.3199009895324707031250000000000000000000
2.1234161853790283203125000000000000000000
1.9409511089324951171875000000000000000000
1.7747328281402587890625000000000000000000
1.6262077093124389648437500000000000000000
1.4965100288391113281250000000000000000000
1.3864877223968505859375000000000000000000
1.2967951297760009765625000000000000000000
1.2279589176177978515625000000000000000000
1.1804401874542236328125000000000000000000
1.1546809673309326171875000000000000000000
1.1511414051055908203125000000000000000000
1.1703213453292846679687500000000000000000
1.2127674818038940429687500000000000000000
1.2790637016296386718750000000000000000000
1.3698055744171142578125000000000000000000
1.4855577945709228515625000000000000000000
1.6267957687377929687500000000000000000000
1.7938339710235595703125000000000000000000
1.9867328405380249023437500000000000000000
2.2051935195922851562500000000000000000000
2.4484055042266845703125000000000000000000
2.7149813175201416015625000000000000000000
3.0022258758544921875000000000000000000000
3.3091042041778564453125000000000000000000
3.6177935600280761718750000000000000000000
4.0000000000000000000000000000000000000000
4.0000000000000000000000000000000000000000
3.0000000000000000000000000000000000000000
3.0000000000000000000000000000000000000000
2.7443928718566894531250000000000000000000
2.5384731292724609375000000000000000000000
2.3344564437866210937500000000000000000000
2.1443562507629394531250000000000000000000
1.9689037799835205078125000000000000000000
1.8099817037582397460937500000000000000000
1.6686809062957763671875000000000000000000
1.5458072423934936523437500000000000000000
1.4419305324554443359375000000000000000000
1.3574804067611694335937500000000000000000
1.2928112745285034179687500000000000000000
1.2482540607452392578125000000000000000000
1.2241585254669189453125000000000000000000
1.2209236621856689453125000000000000000000
1.2390172481536865234375000000000000000000
1.2789827585220336914062500000000000000000
1.3414342403411865234375000000000000000000
1.4270370006561279296875000000000000000000
1.5364789962768554687500000000000000000000
1.6704232692718505859375000000000000000000
1.8294538259506225585937500000000000000000
2.0139956474304199218750000000000000000000
2.2242131233215332031250000000000000000000
2.4598512649536132812500000000000000000000
2.7201249599456787109375000000000000000000
3.0028970241546630859375000000000000000000
3.3075187206268310546875000000000000000000
3.6160347461700439453125000000000000000000
4.0000000000000000000000000000000000000000
4.0000000000000000000000000000000000000000
3.0000000000000000000000000000000000000000
3.0000000000000000000000000000000000000000
2.7474913597106933593750000000000000000000
2.5455086231231689453125000000000000000000
2.3471181392669677734375000000000000000000
2.1641006469726562500000000000000000000000
1.9967558383941650390625000000000000000000
1.8464323282241821289062500000000000000000
1.7137086391448974609375000000000000000000
1.5989511013031005859375000000000000000000
1.5023753643035888671875000000000000000000
1.4241387844085693359375000000000000000000
1.3643919229507446289062500000000000000000
1.3233172893524169921875000000000000000000
1.3011593818664550781250000000000000000000
1.2982470989227294921875000000000000000000
1.3150069713592529296875000000000000000000
1.3519723415374755859375000000000000000000
1.4097807407379150390625000000000000000000
1.4891668558120727539062500000000000000000
1.5909445285797119140625000000000000000000
1.7159849405288696289062500000000000000000
1.8651828765869140625000000000000000000000
2.0394060611724853515625000000000000000000
2.2394180297851562500000000000000000000000
2.4657256603240966796875000000000000000000
2.7184429168701171875000000000000000000000
2.9963507652282714843750000000000000000000
3.2995884418487548828125000000000000000000
3.6100890636444091796875000000000000000000
4.0000000000000000000000000000000000000000
4.0000000000000000000000000000000000000000
3.0000000000000000000000000000000000000000
3.0000000000000000000000000000000000000000
2.7476623058319091796875000000000000000000
2.5484786033630371093750000000000000000000
2.3556582927703857421875000000000000000000
2.1805846691131591796875000000000000000000
2.0227315425872802734375000000000000000000
1.8826153278350830078125000000000000000000
1.7600898742675781250000000000000000000000
1.6549507379531860351562500000000000000000
1.5669847726821899414062500000000000000000
1.4960373640060424804687500000000000000000
1.4420355558395385742187500000000000000000
1.4050041437149047851562500000000000000000
1.3850764036178588867187500000000000000000
1.3825038671493530273437500000000000000000
1.3976647853851318359375000000000000000000
1.4310712814331054687500000000000000000000
1.4833710193634033203125000000000000000000
1.5553529262542724609375000000000000000000
1.6479475498199462890625000000000000000000
1.7622305154800415039062500000000000000000
1.8994280099868774414062500000000000000000
2.0609121322631835937500000000000000000000
2.2481780052185058593750000000000000000000
2.4627401828765869140625000000000000000000
2.7060194015502929687500000000000000000000
2.9782931804656982421875000000000000000000
3.2812714576721191406250000000000000000000
3.5970451831817626953125000000000000000000
4.0000000000000000000000000000000000000000
4.0000000000000000000000000000000000000000
3.0000000000000000000000000000000000000000
3.0000000000000000000000000000000000000000
2.7423355579376220703125000000000000000000
2.5441040992736816406250000000000000000000
2.3568263053894042968750000000000000000000
2.1910099983215332031250000000000000000000
2.0445713996887207031250000000000000000000
1.9167493581771850585937500000000000000000
1.8064123392105102539062500000000000000000
1.7126537561416625976562500000000000000000
1.6347774267196655273437500000000000000000
1.5723003149032592773437500000000000000000
1.5249283313751220703125000000000000000000
1.4925336837768554687500000000000000000000
1.4751427173614501953125000000000000000000
1.4729292392730712890625000000000000000000
1.4862163066864013671875000000000000000000
1.5154787302017211914062500000000000000000
1.5613538026809692382812500000000000000000
1.6246541738510131835937500000000000000000
1.7063925266265869140625000000000000000000
1.8078155517578125000000000000000000000000
1.9304583072662353515625000000000000000000
2.0762104988098144531250000000000000000000
2.2473921775817871093750000000000000000000
2.4467701911926269531250000000000000000000
2.6775815486907958984375000000000000000000
2.9424748420715332031250000000000000000000
3.2461833953857421875000000000000000000000
3.5718555450439453125000000000000000000000
4.0000000000000000000000000000000000000000
4.0000000000000000000000000000000000000000
3.0000000000000000000000000000000000000000
3.0000000000000000000000000000000000000000
2.7266702651977539062500000000000000000000
2.5270140171051025390625000000000000000000
2.3458759784698486328125000000000000000000
2.1916966438293457031250000000000000000000
2.0595624446868896484375000000000000000000
1.9468492269515991210937500000000000000000
1.8511778116226196289062500000000000000000
1.7708629369735717773437500000000000000000
1.7047281265258789062500000000000000000000
1.6519939899444580078125000000000000000000
1.6121793985366821289062500000000000000000
1.5850331783294677734375000000000000000000
1.5704925060272216796875000000000000000000
1.5686609745025634765625000000000000000000
1.5797989368438720703125000000000000000000
1.6043281555175781250000000000000000000000
1.6428419351577758789062500000000000000000
1.6961313486099243164062500000000000000000
1.7652257680892944335937500000000000000000
1.8514645099639892578125000000000000000000
1.9566009044647216796875000000000000000000
2.0829639434814453125000000000000000000000
2.2336759567260742187500000000000000000000
2.4128959178924560546875000000000000000000
2.6261861324310302734375000000000000000000
2.8797233104705810546875000000000000000000
3.1838014125823974609375000000000000000000
3.5249614715576171875000000000000000000000
4.0000000000000000000000000000000000000000
4.0000000000000000000000000000000000000000
3.0000000000000000000000000000000000000000
3.0000000000000000000000000000000000000000
2.6918449401855468750000000000000000000000
2.4888677597045898437500000000000000000000
2.3163952827453613281250000000000000000000
2.1782834529876708984375000000000000000000
2.0648334026336669921875000000000000000000
1.9709742069244384765625000000000000000000
1.8929617404937744140625000000000000000000
1.8284057378768920898437500000000000000000
1.7757635116577148437500000000000000000000
1.7340643405914306640625000000000000000000
1.7027208805084228515625000000000000000000
1.6814132928848266601562500000000000000000
1.6700235605239868164062500000000000000000
1.6685979366302490234375000000000000000000
1.6773332357406616210937500000000000000000
1.6965767145156860351562500000000000000000
1.7268390655517578125000000000000000000000
1.7688251733779907226562500000000000000000
1.8234897851943969726562500000000000000000
1.8921312093734741210937500000000000000000
1.9765440225601196289062500000000000000000
2.0792698860168457031250000000000000000000
2.2039923667907714843750000000000000000000
2.3561046123504638671875000000000000000000
2.5437152385711669921875000000000000000000
2.7776832580566406250000000000000000000000
3.0777688026428222656250000000000000000000
3.4388976097106933593750000000000000000000
4.0000000000000000000000000000000000000000
4.0000000000000000000000000000000000000000
3.0000000000000000000000000000000000000000
3.0000000000000000000000000000000000000000
2.6143712997436523437500000000000000000000
2.4128689765930175781250000000000000000000
2.2581677436828613281250000000000000000000
2.1451880931854248046875000000000000000000
2.0574872493743896484375000000000000000000
1.9876495599746704101562500000000000000000
1.9309947490692138671875000000000000000000
1.8848358392715454101562500000000000000000
1.8475681543350219726562500000000000000000
1.8182370662689208984375000000000000000000
1.7962812185287475585937500000000000000000
1.7813953161239624023437500000000000000000
1.7734514474868774414062500000000000000000
1.7724605798721313476562500000000000000000
1.7785546779632568359375000000000000000000
1.7919855117797851562500000000000000000000
1.8131363391876220703125000000000000000000
1.8425521850585937500000000000000000000000
1.8809932470321655273437500000000000000000
1.9295322895050048828125000000000000000000
1.9897229671478271484375000000000000000000
2.0638930797576904296875000000000000000000
2.1556658744812011718750000000000000000000
2.2708365917205810546875000000000000000000
2.4191966056823730468750000000000000000000
2.6160721778869628906250000000000000000000
2.8945953845977783203125000000000000000000
3.2667450904846191406250000000000000000000
4.0000000000000000000000000000000000000000
4.0000000000000000000000000000000000000000
3.0000000000000000000000000000000000000000
3.0000000000000000000000000000000000000000
2.4735321998596191406250000000000000000000
2.2895834445953369140625000000000000000000
2.1687331199645996093750000000000000000000
2.0926628112792968750000000000000000000000
2.0380802154541015625000000000000000000000
1.9966729879379272460937500000000000000000
1.9639813899993896484375000000000000000000
1.9377613067626953125000000000000000000000
1.9167858362197875976562500000000000000000
1.9003679752349853515625000000000000000000
1.8881202936172485351562500000000000000000
1.8798332214355468750000000000000000000000
1.8754161596298217773437500000000000000000
1.8748661279678344726562500000000000000000
1.8782536983489990234375000000000000000000
1.8857227563858032226562500000000000000000
1.8974975347518920898437500000000000000000
1.9139035940170288085937500000000000000000
1.9354047775268554687500000000000000000000
1.9626762866973876953125000000000000000000
1.9967340230941772460937500000000000000000
2.0391819477081298828125000000000000000000
2.0927040576934814453125000000000000000000
2.1620213985443115234375000000000000000000
2.2562904357910156250000000000000000000000
2.3924095630645751953125000000000000000000
2.6171002388000488281250000000000000000000
2.9679994583129882812500000000000000000000
4.0000000000000000000000000000000000000000
4.0000000000000000000000000000000000000000
2.0000000000000000000000000000000000000000
2.0000000000000000000000000000000000000000
2.0000000000000000000000000000000000000000
2.0000000000000000000000000000000000000000
2.0000000000000000000000000000000000000000
2.0000000000000000000000000000000000000000
2.0000000000000000000000000000000000000000
2.0000000000000000000000000000000000000000
2.0000000000000000000000000000000000000000
2.0000000000000000000000000000000000000000
2.0000000000000000000000000000000000000000
2.0000000000000000000000000000000000000000
2.0000000000000000000000000000000000000000
2.0000000000000000000000000000000000000000
2.0000000000000000000000000000000000000000
2.0000000000000000000000000000000000000000
2.0000000000000000000000000000000000000000
2.0000000000000000000000000000000000000000
2.0000000000000000000000000000000000000000
2.0000000000000000000000000000000000000000
2.0000000000000000000000000000000000000000
2.0000000000000000000000000000000000000000
2.0000000000000000000000000000000000000000
2.0000000000000000000000000000000000000000
2.0000000000000000000000000000000000000000
2.0000000000000000000000000000000000000000
2.0000000000000000000000000000000000000000
2.0000000000000000000000000000000000000000
2.0000000000000000000000000000000000000000
2.0000000000000000000000000000000000000000
2.0000000000000000000000000000000000000000
2.0000000000000000000000000000000000000000
2.0000000000000000000000000000000000000000
2.0000000000000000000000000000000000000000
2.0000000000000000000000000000000000000000
2.0000000000000000000000000000000000000000
2.0000000000000000000000000000000000000000
2.0000000000000000000000000000000000000000
2.0000000000000000000000000000000000000000
2.0000000000000000000000000000000000000000
2.0000000000000000000000000000000000000000
2.0000000000000000000000000000000000000000
2.0000000000000000000000000000000000000000
2.0000000000000000000000000000000000000000
2.0000000000000000000000000000000000000000
2.0000000000000000000000000000000000000000
2.0000000000000000000000000000000000000000
2.0000000000000000000000000000000000000000
2.0000000000000000000000000000000000000000
2.0000000000000000000000000000000000000000
2.0000000000000000000000000000000000000000
2.0000000000000000000000000000000000000000
2.0000000000000000000000000000000000000000
2.0000000000000000000000000000000000000000
2.0000000000000000000000000000000000000000
2.0000000000000000000000000000000000000000
2.0000000000000000000000000000000000000000
2.0000000000000000000000000000000000000000
2.0000000000000000000000000000000000000000
2.0000000000000000000000000000000000000000
2.0000000000000000000000000000000000000000
2.0000000000000000000000000000000000000000
2.0000000000000000000000000000000000000000
2.0000000000000000000000000000000000000000
