000000001.0000
000000001.0000
000000001.0000
000000001.0000
000000001.0000
000000001.0000
000000001.0000
000000001.0000
000000001.0000
000000001.0000
000000003.0000
000000001.0000
000000000.5000
000000000.3750
000000000.3438
000000000.3359
000000000.3340
000000000.3335
000000001.3334
000000004.0000
000000003.0000
000000001.0000
000000000.3750
000000000.1875
000000000.1328
000000000.1172
000000000.1128
000000000.1116
000000001.3612
000000004.0000
000000003.0000
000000001.0000
000000000.3438
000000000.1328
000000000.0664
000000000.0459
000000000.0397
000000000.0378
000000001.3498
000000004.0000
000000003.0000
000000001.0000
000000000.3359
000000000.1172
000000000.0459
000000000.0229
000000000.0157
000000000.0134
000000001.3408
000000004.0000
000000003.0000
000000001.0000
000000000.3340
000000000.1128
000000000.0397
000000000.0157
000000000.0078
000000000.0053
000000001.3365
000000004.0000
000000003.0000
000000001.0000
000000000.3335
000000000.1116
000000000.0378
000000000.0134
000000000.0053
000000000.0026
000000001.3348
000000004.0000
000000003.0000
000000001.0000
000000000.3334
000000000.1112
000000000.0373
000000000.0127
000000000.0045
000000000.0018
000000001.3341
000000004.0000
000000003.0000
000000001.5000
000000000.9583
000000000.7674
000000000.7012
000000000.6785
000000000.6707
000000000.6681
000000002.0006
000000004.0000
000000002.0000
000000002.0000
000000002.0000
000000002.0000
000000002.0000
000000002.0000
000000002.0000
000000002.0000
000000002.0000
000000002.0000
