000000001.0000
000000001.0000
000000001.0000
000000001.0000
000000001.0000
000000001.0000
000000001.0000
000000001.0000
000000001.0000
000000001.0000
000000003.0000
000000001.8606
000000001.3601
000000001.1176
000000001.0247
000000001.0601
000000001.2392
000000001.6142
000000002.3476
000000004.0000
000000003.0000
000000002.1402
000000001.5520
000000001.2018
000000001.0591
000000001.1244
000000001.4168
000000001.9653
000000002.8151
000000004.0000
000000003.0000
000000002.2391
000000001.6454
000000001.2597
000000001.1003
000000001.1879
000000001.5391
000000002.1525
000000002.9995
000000004.0000
000000003.0000
000000002.2865
000000001.7097
000000001.3245
000000001.1688
000000001.2721
000000001.6457
000000002.2705
000000003.0888
000000004.0000
000000003.0000
000000002.3289
000000001.7861
000000001.4255
000000001.2866
000000001.3974
000000001.7651
000000002.3665
000000003.1432
000000004.0000
000000003.0000
000000002.3774
000000001.8870
000000001.5713
000000001.4573
000000001.5639
000000001.8968
000000002.4429
000000003.1674
000000004.0000
000000003.0000
000000002.4112
000000001.9923
000000001.7423
000000001.6582
000000001.7451
000000002.0094
000000002.4603
000000003.1187
000000004.0000
000000003.0000
000000002.3569
000000002.0501
000000001.8972
000000001.8501
000000001.9001
000000002.0537
000000002.3403
000000002.8648
000000004.0000
000000002.0000
000000002.0000
000000002.0000
000000002.0000
000000002.0000
000000002.0000
000000002.0000
000000002.0000
000000002.0000
000000002.0000
