000000001.0000
000000001.0000
000000001.0000
000000001.0000
000000001.0000
000000001.0000
000000001.0000
000000001.0000
000000001.0000
000000001.0000
000000003.0000
000000002.0274
000000001.6653
000000001.5247
000000001.4889
000000001.5269
000000001.6484
000000001.9121
000000002.5000
000000004.0000
000000003.0000
000000002.4444
000000002.1090
000000001.9445
000000001.9040
000000001.9703
000000002.1547
000000002.5000
000000003.0879
000000004.0000
000000003.0000
000000002.6412
000000002.3818
000000002.2404
000000002.2122
000000002.2956
000000002.5000
000000002.8453
000000003.3516
000000004.0000
000000003.0000
000000002.7386
000000002.5366
000000002.4231
000000002.4088
000000002.5000
000000002.7044
000000003.0297
000000003.4731
000000004.0000
000000003.0000
000000002.7766
000000002.6029
000000002.5065
000000002.5000
000000002.5912
000000002.7878
000000003.0960
000000003.5111
000000004.0000
000000003.0000
000000002.7650
000000002.5920
000000002.5000
000000002.4935
000000002.5769
000000002.7596
000000003.0555
000000003.4753
000000004.0000
000000003.0000
000000002.6912
000000002.5000
000000002.4080
000000002.3971
000000002.4634
000000002.6182
000000002.8910
000000003.3347
000000004.0000
000000003.0000
000000002.5000
000000002.3088
000000002.2350
000000002.2234
000000002.2614
000000002.3588
000000002.5556
000000002.9726
000000004.0000
000000002.0000
000000002.0000
000000002.0000
000000002.0000
000000002.0000
000000002.0000
000000002.0000
000000002.0000
000000002.0000
000000002.0000
