0.000167171345
0.001424141218
0.001462446569
0.002259805357
0.002703158408
0.003121129045
0.003543108333
0.003571591635
0.003627557032
0.005371415975
0.005399089291
0.008100039810
0.008693180095
0.008880650542
0.009127234675
0.010433508887
0.013798972000
0.014455464951
0.014460397129
0.015650858001
0.015858108620
0.016487285583
0.016591863216
0.017233385745
0.018499885483
0.019565462524
0.020992479378
0.021826385398
0.022555389594
0.026267459260
0.026897214403
0.030483775697
0.031434414256
0.033095921067
0.033493928437
0.034899553954
0.040724799168
0.041198409331
0.041235147214
0.042094952912
0.042820758326
0.044520006659
0.045183913164
0.045777635696
0.046179995471
0.046283366358
0.047555620849
0.049083320914
0.050738808933
0.050937602924
0.052171346781
0.052859947951
0.053770721495
0.054552562817
0.055319687656
0.056369699526
0.056835915734
0.057563151842
0.057764867555
0.059209878553
0.059503749794
0.061417000121
0.063292250642
0.063367425603
0.063649647440
0.063792031144
0.064268324233
0.066340035790
0.067825071287
0.068798513429
0.069005309535
0.069094903017
0.073244792027
0.073802959635
0.076788906115
0.078955834542
0.081269085339
0.081481257839
0.084887687467
0.085809932666
0.087471636208
0.087871966165
0.087893807689
0.088823078295
0.088880868899
0.090256998971
0.092031914873
0.092266584332
0.092374538786
0.093104644711
0.095017127311
0.095549759174
0.095879010561
0.096728124612
0.097299033664
0.097559373372
0.098049811201
0.099488328211
0.100798719677
0.101433568293
0.101776504066
0.102522505566
0.102544121700
0.102773957684
0.104387263712
0.105338895939
0.105475229887
0.106282748793
0.106323043427
0.108680657471
0.108843409120
0.111940953041
0.111976451479
0.112315617534
0.116879341360
0.117471681073
0.118188879637
0.118489368547
0.119528123623
0.120883601524
0.122450808795
0.124550534542
0.126788189101
0.130774157065
0.131526267541
0.132369853723
0.132426603002
0.132573952456
0.133194676816
0.133473559686
0.134187300222
0.134854145665
0.137051665032
0.138946495207
0.139675236841
0.142395081520
0.143008056947
0.145162507519
0.145982289530
0.150349159003
0.150895917049
0.151384655896
0.153146810924
0.153582117846
0.154770902180
0.157801525425
0.157819406439
0.158824749077
0.159464004387
0.159993406737
0.160711595130
0.160882677849
0.162811352178
0.163260712302
0.165129755552
0.165882244351
0.166674471116
0.166703182532
0.167435039288
0.167594254898
0.167618385055
0.168344080257
0.168489250462
0.168534707396
0.168747046085
0.169009442860
0.170061148939
0.173070040486
0.173331011758
0.173793572786
0.175008546991
0.175640734382
0.176763419775
0.178257054636
0.181391697780
0.183588320021
0.184048257366
0.184161275311
0.186112466202
0.186209952410
0.187279669857
0.188031883740
0.188154775866
0.188439924661
0.188775470703
0.191767809994
0.193454219530
0.193767078171
0.195148659699
0.195920231192
0.196100000749
0.196206245567
0.200087207702
0.202050356300
0.203759595043
0.205446052688
0.205884089977
0.206308805403
0.206325926178
0.206349074320
0.206839932667
0.207023429731
0.207783799236
0.208210391825
0.209376776362
0.210076883160
0.210379283513
0.210414890070
0.212594213270
0.212782544389
0.212883679279
0.214253761279
0.214883487037
0.214915660302
0.216082483357
0.216699338570
0.217743900622
0.219886357382
0.220596317525
0.220880130157
0.220995918096
0.222484729327
0.223706892053
0.224544688627
0.225878218118
0.226197371688
0.228170672579
0.230568722305
0.232021279219
0.232172198063
0.232574659555
0.232743501157
0.233178837058
0.233944374939
0.236514883878
0.237071649010
0.238657345849
0.238817153030
0.238916656343
0.239057224094
0.239333899505
0.240309330409
0.240780805642
0.240919859394
0.241552081931
0.242345925971
0.242633842771
0.245127301530
0.246902814333
0.249105167686
0.249160976339
0.250182097167
0.250473578139
0.250930624099
0.252718274085
0.254073216162
0.254260598621
0.254657698159
0.255398017314
0.256250726860
0.257077895143
0.258251454759
0.258470053383
0.259808204306
0.260277301520
0.261819055203
0.262268086305
0.262388254267
0.263646994475
0.263763150221
0.263991536061
0.264870604170
0.267135462223
0.267804254020
0.269005299085
0.271508758978
0.273570064359
0.274796689289
0.275123068838
0.276830460681
0.278408739754
0.278683774290
0.280038727007
0.280208575805
0.282128091188
0.282208302552
0.282338640885
0.283639540230
0.285560942714
0.286627232090
0.287521056296
0.291440188184
0.292563274917
0.293905222027
0.296368885726
0.298541910728
0.300042563815
0.301381870063
0.303191004568
0.303206339451
0.303573484700
0.304999946055
0.309137079849
0.310065931200
0.310693074015
0.311260799582
0.313405003504
0.315511326971
0.316694080257
0.318329488343
0.318606900652
0.320130725201
0.320498098939
0.320817597381
0.320896257838
0.322279940704
0.323401847036
0.324297144747
0.324322766848
0.325153505061
0.325283398487
0.325926757167
0.325980651517
0.326191800093
0.326486098979
0.326501809061
0.326653940037
0.326928949435
0.327009563524
0.327082779914
0.328680557588
0.329784212023
0.331688865941
0.332246095278
0.333408185387
0.333629749205
0.340106836067
0.341370772464
0.342588793397
0.342672579624
0.343910815372
0.346155591766
0.346839841994
0.350343360349
0.350621955020
0.351422813291
0.351750774335
0.351754199012
0.353438686940
0.353493896867
0.353538041486
0.354254225000
0.355590726926
0.356039029755
0.356545415301
0.356654159609
0.356954402934
0.357948062166
0.358370909332
0.359491523142
0.360140116293
0.360496773510
0.361234754859
0.365007361541
0.368886814443
0.369514332056
0.369845145863
0.370683123508
0.372475222081
0.373855748116
0.374696569542
0.375052358931
0.375283382416
0.375419156721
0.379144137930
0.380317918389
0.380339355194
0.380727804897
0.380902690427
0.383495875201
0.384033605786
0.386751274620
0.386824972322
0.386920053642
0.387169477192
0.392035177355
0.392162185103
0.393392144247
0.394500590932
0.394736195354
0.394859552341
0.399144436541
0.399888129493
0.401262029293
0.401401565788
0.404022355719
0.404319376051
0.406338418756
0.407496952687
0.407605770546
0.407841738651
0.407955248573
0.411419716976
0.411580626127
0.412281147052
0.412567545178
0.412671454265
0.414239319976
0.414986542642
0.417568170259
0.418121758734
0.418885827069
0.421966896722
0.422544798004
0.423057091500
0.424323993786
0.426567126356
0.427601840527
0.429548335115
0.429961745440
0.430743397174
0.431328367282
0.432098667279
0.432506265232
0.433115103440
0.436141632925
0.436184169527
0.436256353496
0.436399615708
0.436869472207
0.438885725716
0.439533994362
0.440953940295
0.441568483936
0.442264789856
0.442668611865
0.443126889526
0.443676326182
0.443886762915
0.445131107197
0.446824072540
0.447080305948
0.449889135018
0.450475588645
0.450957524528
0.451761495127
0.456062243475
0.456152238635
0.457294574655
0.458844049271
0.460367286515
0.460664711053
0.461383754957
0.462328554560
0.463236898862
0.464160251020
0.464686078373
0.465358741794
0.465742015201
0.466729521037
0.466776098709
0.469533056601
0.470142311358
0.470518163660
0.472571540050
0.472841160972
0.473034470894
0.473819176412
0.473822070990
0.474402120381
0.474577628511
0.476764065489
0.478971169068
0.480595758247
0.484544835663
0.484605443550
0.486766240532
0.488825099208
0.492179950976
0.494228637261
0.494237256404
0.494478579608
0.495025019296
0.500317100762
0.500376836359
0.500996013796
0.502756096148
0.503271837649
0.508260940359
0.509198164549
0.509442692524
0.509548434349
0.510007965242
0.510932859244
0.511232371459
0.512010791359
0.512644640277
0.515061747615
0.515295244802
0.516560708866
0.519219805748
0.520301528056
0.520832975771
0.521029746396
0.522442114870
0.522631716044
0.522904518816
0.523853046040
0.524035259897
0.525484186075
0.526321082025
0.527092174151
0.527836677686
0.528121071087
0.528381142579
0.530406629279
0.534856351855
0.535330398968
0.535944147993
0.536069985077
0.536162690224
0.537983167439
0.538469371806
0.538537469878
0.539191018445
0.540461198818
0.540590140429
0.545090510074
0.545240627054
0.545548099099
0.546721614411
0.549128878840
0.549812041616
0.551534340899
0.552382345748
0.555435209718
0.555735596869
0.557356526168
0.558636778718
0.559779312843
0.559821746194
0.560731039372
0.561085350366
0.561482561447
0.562293313049
0.562487239844
0.562731510096
0.564195012737
0.564386843592
0.564442245500
0.564885067904
0.565727335323
0.567349627721
0.568536569422
0.569008310846
0.572286503589
0.573821457822
0.574361345888
0.575705227185
0.577024281952
0.577324257941
0.578085561555
0.578277251571
0.579749528968
0.581134931069
0.582173427615
0.585903041399
0.586057272474
0.586248319606
0.588879631582
0.588973278377
0.589465059973
0.590479526794
0.590723670868
0.591059663770
0.591616584883
0.593208821835
0.594548147993
0.594882881800
0.595379379836
0.595662217311
0.596192022913
0.596888889000
0.598405068157
0.600004273190
0.601374751877
0.602297055919
0.604205596863
0.604371638017
0.604613192755
0.605325723111
0.608243735238
0.608815494247
0.609143989363
0.609632512675
0.610442631482
0.611079493233
0.611221350905
0.611815211185
0.612563692958
0.612707455268
0.614055917354
0.614538315866
0.614624432225
0.614679032383
0.614985339352
0.615798734791
0.616271415816
0.617226197239
0.617282930432
0.617411163411
0.617550860062
0.621532499215
0.622133055786
0.622758213272
0.623638951750
0.624670500315
0.625392537193
0.626562253138
0.627948219969
0.628907121706
0.629047960722
0.630656312443
0.631072813889
0.636330254342
0.636811211931
0.638614965678
0.638893961733
0.640115487187
0.640759853356
0.644081026430
0.646106298467
0.646252739522
0.649410180488
0.650129232217
0.651765538516
0.652330808214
0.653101103100
0.653948676363
0.655612383871
0.655739758161
0.655969505050
0.656023797685
0.656648154908
0.657757888113
0.658164809581
0.658289146914
0.659745151077
0.659760834295
0.660749914732
0.661816281462
0.662937232898
0.662966592846
0.663466150627
0.664709004812
0.666477127207
0.668042477006
0.668051669452
0.668299820540
0.669850415790
0.670727039813
0.671363054137
0.671369925080
0.671670538049
0.671784461808
0.672050506212
0.672748133306
0.672955430969
0.675828153576
0.675898716359
0.679509857413
0.679793351870
0.680615016753
0.681376281301
0.682517949779
0.682637710322
0.682720375859
0.682744297599
0.683009401002
0.683107424470
0.684154359831
0.684818680946
0.685165262845
0.685628271465
0.686053634284
0.686858817309
0.688930278994
0.689275206235
0.691462119228
0.692684426949
0.693687608571
0.694981690148
0.696977027310
0.697351473059
0.698993834521
0.699623526166
0.700797340250
0.701901969016
0.702095554366
0.702103724286
0.702273670538
0.702489770742
0.702724539986
0.704197883252
0.706691510051
0.707447979720
0.707883828195
0.710526973930
0.711562944290
0.713149046405
0.713382105332
0.718530819076
0.721897452448
0.722286059887
0.723408865193
0.724480547270
0.726484612386
0.726516263597
0.727275522038
0.727409758858
0.728383644135
0.728736089855
0.728801660958
0.729560829508
0.730106629256
0.730977405144
0.731373942184
0.733076139983
0.733181030590
0.736451531053
0.737060641745
0.738549240075
0.740004304221
0.742133831715
0.742357000714
0.743634202258
0.743954979592
0.744325237967
0.744453912256
0.744735416367
0.745037161872
0.746812772111
0.747514585613
0.747720975548
0.748070031524
0.748527637387
0.749399071806
0.751967476580
0.752219591362
0.753326911621
0.753512327175
0.754310912869
0.754884815857
0.755090076648
0.756160616679
0.758546265150
0.758737623892
0.761128072339
0.761382767765
0.761948377557
0.762747539374
0.763420038052
0.763560147956
0.764090295292
0.765542832767
0.766180869748
0.767321290728
0.767354270835
0.768055701792
0.768349463327
0.769615069211
0.771481104848
0.772263357755
0.773481344949
0.776082663976
0.776434264017
0.776532899471
0.777498576539
0.777927055232
0.777993592434
0.779202342509
0.779327604336
0.779458728370
0.780196537105
0.780271225983
0.785801391797
0.786241042151
0.788517944102
0.789066577801
0.789632190450
0.789917798920
0.790567873635
0.792884774997
0.793803994047
0.794582966342
0.796343329663
0.796774358548
0.796836427785
0.798409081201
0.799306151937
0.800596478655
0.801024950656
0.802666541854
0.804800664882
0.805232588861
0.805490016049
0.805512457545
0.807283681118
0.809670006725
0.811597547488
0.811653891666
0.812515844981
0.814421076975
0.815874641190
0.816452289332
0.818037972818
0.818045076295
0.818546051675
0.819066257285
0.819351201715
0.819570764088
0.823094080323
0.823145809097
0.823376179579
0.824021752530
0.824841563695
0.825428891320
0.825929754766
0.825940480247
0.827362952978
0.827721495722
0.827736279592
0.827770678598
0.828670107888
0.831495525274
0.831799824820
0.836007816184
0.837479004878
0.838561606344
0.839246684358
0.839461039215
0.840114615587
0.840462030600
0.842892043950
0.843232665488
0.844145085280
0.846519626118
0.847385064813
0.847864421401
0.848110852956
0.851509750183
0.851724661111
0.852527815227
0.853672262500
0.854152944571
0.855170691839
0.855313531174
0.856755876563
0.860106260408
0.861383960294
0.861885351909
0.862134377090
0.863392129382
0.864831444512
0.867202784927
0.867242706953
0.867361464357
0.867739303842
0.868353587421
0.869368556599
0.870486186359
0.870879975172
0.871726169464
0.874704750606
0.874937877126
0.875393434948
0.876904181634
0.879388051243
0.881427288398
0.881481498244
0.881760388234
0.883308247003
0.884632772028
0.885239736126
0.889038511178
0.889676417016
0.891135682591
0.891394546952
0.891782029280
0.893678457249
0.897724233433
0.897804770500
0.898108647351
0.898243339337
0.898256859179
0.899493187654
0.899641050818
0.899829876077
0.900383964042
0.901706900094
0.904728723895
0.906492683688
0.906678131157
0.907251310007
0.908592984648
0.908835533179
0.908839187964
0.913507426055
0.914019186439
0.914382848052
0.915316226512
0.915652939741
0.916489110386
0.917739943479
0.918452075388
0.919269808831
0.919469302242
0.919764982058
0.920975321542
0.921624064422
0.927140652830
0.930234637906
0.930714514022
0.931854501037
0.932460484877
0.932761670072
0.933497251485
0.935633323608
0.936366780658
0.936830151236
0.938581237730
0.938644168797
0.939929677576
0.940268820909
0.940624064348
0.941038118791
0.942627847209
0.942773531098
0.944304933036
0.946444996907
0.948415409069
0.949782179582
0.950215984651
0.953645294591
0.954399240481
0.955225289378
0.956475945222
0.957171273406
0.957381765839
0.958392216175
0.958452148351
0.960016793107
0.960452205823
0.960470827941
0.960599830888
0.962005444739
0.965703499624
0.966916113445
0.968044774594
0.970522751083
0.970599856737
0.970650563933
0.971300763461
0.971445666472
0.972217846427
0.972951395427
0.973537012151
0.973825853249
0.973969055884
0.974316363411
0.975365248608
0.976234633730
0.977698087469
0.977969483173
0.978240202466
0.978489926725
0.978919915180
0.980573999576
0.981159990045
0.981282210853
0.982467377135
0.983480268472
0.983827623610
0.984071215820
0.986483091988
0.986485245110
0.988357014482
0.988539113368
0.988563950654
0.989401329008
0.989559059431
0.991288074643
0.991438507801
0.995108891174
0.995798902705
0.995994874699
0.996503778181
0.996722257074
0.997711090641
0.999204016933
