0.005399089291
0.017233385745
0.033493928437
0.034899553954
0.045777635696
0.053770721495
0.056835915734
0.081481257839
0.085809932666
0.087871966165
0.090256998971
0.102544121700
0.134854145665
0.153146810924
0.157801525425
0.165129755552
0.166703182532
0.175640734382
0.178257054636
0.206308805403
0.207783799236
0.208210391825
0.210414890070
0.214253761279
0.220596317525
0.242633842771
0.254073216162
0.254657698159
0.257077895143
0.263763150221
0.271508758978
0.275123068838
0.282128091188
0.309137079849
0.325926757167
0.350343360349
0.355590726926
0.356039029755
0.357948062166
0.360496773510
0.365007361541
0.401262029293
0.407605770546
0.407955248573
0.427601840527
0.431328367282
0.436184169527
0.436869472207
0.442264789856
0.443126889526
0.446824072540
0.470142311358
0.472841160972
0.508260940359
0.509548434349
0.526321082025
0.545090510074
0.559779312843
0.568536569422
0.590723670868
0.604205596863
0.611079493233
0.614055917354
0.617226197239
0.631072813889
0.651765538516
0.653948676363
0.666477127207
0.668051669452
0.685165262845
0.698993834521
0.700797340250
0.710526973930
0.728801660958
0.736451531053
0.742133831715
0.743954979592
0.753512327175
0.754310912869
0.761382767765
0.780271225983
0.811653891666
0.823094080323
0.824021752530
0.828670107888
0.836007816184
0.842892043950
0.881760388234
0.906492683688
0.906678131157
0.907251310007
0.913507426055
0.916489110386
0.936366780658
0.938581237730
0.968044774594
0.981159990045
0.986485245110
0.995798902705
0.999204016933
