00000000109916
00000000100096
00000000115796
00000000093964
00000000066143
00000000067607
00000000085228
00000000093727
00000000101249
00000000094027
00000000324136
00000000278156
00000000347416
00000000293444
00000000247423
00000000225087
00000000252108
00000000272687
00000000332869
00000000301207
00000000538356
00000000456216
00000000579036
00000000492924
00000000428703
00000000382567
00000000418988
00000000451647
00000000564489
00000000508387
00000000752576
00000000634276
00000000810656
00000000692404
00000000609983
00000000540047
00000000585868
00000000630607
00000000796109
00000000715567
00000000966796
00000000812336
00000001042276
00000000891884
00000000791263
00000000697527
00000000752748
00000000809567
00000001027729
00000000922747
00000001181016
00000000990396
00000001273896
00000001091364
00000000972543
00000000855007
00000000919628
00000000988527
00000001259349
00000001129927
00000001395236
00000001168456
00000001505516
00000001290844
00000001153823
00000001012487
00000001086508
00000001167487
00000001490969
00000001337107
00000001609456
00000001346516
00000001737136
00000001490324
00000001335103
00000001169967
00000001253388
00000001346447
00000001722589
00000001544287
00000001823676
00000001524576
00000001968756
00000001689804
00000001516383
00000001327447
00000001420268
00000001525407
00000001954209
00000001751467
00000002037896
00000001702636
00000002200376
00000001889284
00000001697663
00000001484927
00000001587148
00000001704367
00000002185829
00000001958647
