000000110.0106
000000100.1872
000000115.8630
000000094.0670
000000066.2423
000000067.7256
000000085.3279
000000093.8292
000000101.3409
000000094.1074
000000324.4184
000000278.4437
000000347.6206
000000293.7547
000000247.7262
000000225.4613
000000252.4202
000000272.9895
000000333.1311
000000301.4690
000000538.8263
000000456.7002
000000579.3783
000000493.4423
000000429.2102
000000383.1971
000000419.5125
000000452.1499
000000564.9212
000000508.8305
000000753.2341
000000634.9568
000000811.1360
000000693.1300
000000610.6941
000000540.9328
000000586.6049
000000631.3102
000000796.7114
000000716.1920
000000967.6420
000000813.2133
000001042.8937
000000892.8176
000000792.1781
000000698.6685
000000753.6972
000000810.4705
000001028.5016
000000923.5535
000001182.0498
000000991.4698
000001274.6514
000001092.5053
000000973.6620
000000856.4043
000000920.7895
000000989.6308
000001260.2918
000001130.9150
000001396.4577
000001169.7263
000001506.4091
000001292.1929
000001155.1460
000001014.1400
000001087.8819
000001168.7911
000001492.0820
000001338.2765
000001610.8655
000001347.9828
000001738.1667
000001491.8806
000001336.6299
000001171.8757
000001254.9742
000001347.9514
000001723.8721
000001545.6380
000001825.2734
000001526.2393
000001969.9244
000001691.5682
000001518.1139
000001329.6115
000001422.0665
000001527.1117
000001955.6623
000001752.9995
000002039.6812
000001704.4958
000002201.6821
000001891.2559
000001699.5978
000001487.3472
000001589.1589
000001706.2721
000002187.4525
000001960.3611
