000000002.0000
000000001.5078
000000001.0977
000000000.6875
000000000.4531
000000000.2188
000000000.1309
000000000.0430
000000000.0234
000000000.0039
000000000.0020
000000000.0000
000000000.0000
000000000.0000
000000000.0000
000000000.0000
000000000.0000
000000000.0000
000000000.0000
000000000.0000
000000000.0000
000000000.0000
000000000.0000
000000000.0000
000000000.0000
000000000.0000
000000000.0000
000000000.0000
000000000.0000
000000000.0000
000000000.0000
000000000.0000
000000000.0000
000000000.0000
000000000.0000
000000000.0000
000000000.0000
000000000.0000
000000000.0000
000000000.0000
000000000.0000
000000000.0000
000000000.0000
000000000.0000
000000000.0000
000000000.0000
000000000.0000
000000000.0000
000000000.0000
000000000.0000
000000000.0000
000000000.0000
000000000.0000
000000000.0000
000000000.0000
000000000.0000
000000000.0000
000000000.0000
000000000.0000
000000000.0000
000000000.0000
000000000.0000
000000000.0000
000000000.0000
000000000.0000
000000000.0000
000000000.0000
000000000.0000
000000000.0000
000000000.0000
000000000.0000
000000000.0000
000000000.0000
000000000.0000
000000000.0000
000000000.0000
000000000.0000
000000000.0000
000000000.0000
000000000.0000
000000000.0000
000000000.0000
000000000.0000
000000000.0000
000000000.0000
000000000.0000
000000000.0000
000000000.0000
000000000.0000
000000000.0029
000000000.0059
000000000.0352
000000000.0645
000000000.1963
000000000.3281
000000000.6797
000000001.0312
000000001.6465
000000002.2617
000000003.0000
