000000002.0000
000000001.8408
000000001.6848
000000001.5287
000000001.3817
000000001.2346
000000001.1014
000000000.9682
000000000.8523
000000000.7364
000000000.6395
000000000.5425
000000000.4646
000000000.3867
000000000.3266
000000000.2664
000000000.2218
000000000.1773
000000000.1455
000000000.1138
000000000.0921
000000000.0704
000000000.0562
000000000.0420
000000000.0330
000000000.0241
000000000.0187
000000000.0133
000000000.0102
000000000.0070
000000000.0053
000000000.0036
000000000.0027
000000000.0017
000000000.0013
000000000.0008
000000000.0006
000000000.0004
000000000.0003
000000000.0002
000000000.0001
000000000.0001
000000000.0000
000000000.0000
000000000.0000
000000000.0000
000000000.0000
000000000.0000
000000000.0000
000000000.0000
000000000.0000
000000000.0000
000000000.0000
000000000.0000
000000000.0000
000000000.0000
000000000.0000
000000000.0001
000000000.0001
000000000.0002
000000000.0002
000000000.0004
000000000.0005
000000000.0009
000000000.0012
000000000.0019
000000000.0026
000000000.0040
000000000.0054
000000000.0080
000000000.0106
000000000.0152
000000000.0199
000000000.0280
000000000.0361
000000000.0495
000000000.0629
000000000.0843
000000000.1056
000000000.1381
000000000.1707
000000000.2183
000000000.2659
000000000.3328
000000000.3996
000000000.4898
000000000.5800
000000000.6969
000000000.8138
000000000.9592
000000001.1046
000000001.2785
000000001.4524
000000001.6521
000000001.8519
000000002.0725
000000002.2931
000000002.5271
000000002.7612
000000003.0000
