000000001.0000
000000001.0000
000000001.0000
000000001.0000
000000001.0000
000000001.0000
000000001.0000
000000001.0000
000000001.0000
000000001.0000
000000003.0000
000000001.7786
000000001.2096
000000000.9231
000000000.8093
000000000.8329
000000001.0095
000000001.4139
000000002.2230
000000004.0000
000000003.0000
000000001.9813
000000001.2564
000000000.8232
000000000.6351
000000000.6739
000000000.9643
000000001.5674
000000002.5725
000000004.0000
000000003.0000
000000002.0183
000000001.2392
000000000.7338
000000000.5095
000000000.5568
000000000.9004
000000001.5964
000000002.6584
000000004.0000
000000003.0000
000000002.0263
000000001.2276
000000000.6991
000000000.4594
000000000.5094
000000000.8756
000000001.6002
000000002.6816
000000004.0000
000000003.0000
000000002.0499
000000001.2664
000000000.7464
000000000.5094
000000000.5593
000000000.9229
000000001.6390
000000002.7052
000000004.0000
000000003.0000
000000002.1046
000000001.3802
000000000.9004
000000000.6860
000000000.7333
000000001.0670
000000001.7374
000000002.7448
000000004.0000
000000003.0000
000000002.1856
000000001.5674
000000001.1805
000000001.0076
000000001.0464
000000001.3215
000000001.8784
000000002.7767
000000004.0000
000000003.0000
000000002.2230
000000001.8008
000000001.5633
000000001.4645
000000001.4882
000000001.6496
000000002.0050
000000002.6674
000000004.0000
000000002.0000
000000002.0000
000000002.0000
000000002.0000
000000002.0000
000000002.0000
000000002.0000
000000002.0000
000000002.0000
000000002.0000
