000000001.0000
000000001.0000
000000001.0000
000000001.0000
000000001.0000
000000001.0000
000000001.0000
000000001.0000
000000001.0000
000000001.0000
000000003.0000
000000002.0265
000000001.6635
000000001.5223
000000001.4862
000000001.5242
000000001.6461
000000001.9104
000000002.4991
000000004.0000
000000003.0000
000000002.4427
000000002.1057
000000001.9401
000000001.8990
000000001.9653
000000002.1503
000000002.4967
000000003.0862
000000004.0000
000000003.0000
000000002.6389
000000002.3774
000000002.2345
000000002.2055
000000002.2889
000000002.4941
000000002.8409
000000003.3492
000000004.0000
000000003.0000
000000002.7359
000000002.5316
000000002.4163
000000002.4012
000000002.4923
000000002.6976
000000003.0247
000000003.4704
000000004.0000
000000003.0000
000000002.7740
000000002.5979
000000002.4998
000000002.4923
000000002.5835
000000002.7811
000000003.0910
000000003.5085
000000004.0000
000000003.0000
000000002.7626
000000002.5876
000000002.4941
000000002.4868
000000002.5702
000000002.7537
000000003.0511
000000003.4730
000000004.0000
000000003.0000
000000002.6895
000000002.4967
000000002.4036
000000002.3921
000000002.4584
000000002.6138
000000002.8877
000000003.3330
000000004.0000
000000003.0000
000000002.4991
000000002.3070
000000002.2327
000000002.2207
000000002.2587
000000002.3565
000000002.5539
000000002.9717
000000004.0000
000000002.0000
000000002.0000
000000002.0000
000000002.0000
000000002.0000
000000002.0000
000000002.0000
000000002.0000
000000002.0000
000000002.0000
